Success,Completion Steps,Wall Time (s),Drone Count,max_steps,boundary,clusters,dt,drone_xy,k_nn,conditionally_apply_repulsion,N,spawn_type,seed,success_radius
True,800.0,0.7243082909990335,1,2000,none,3,1.0,[[0 0]],1,True,2,uniform,0,5.656854249492381
True,1816.0,0.8417772079992574,1,2000,none,3,1.0,[[0 0]],1,True,7,uniform,0,10.583005244258363
True,1574.0,0.7167888749972917,1,2000,none,3,1.0,[[0 0]],3,True,7,uniform,0,10.583005244258363
False,,1.4506523329910124,1,2000,none,3,1.0,[[0 0]],1,True,12,uniform,0,13.856406460551018
True,1959.0,1.528650792010012,1,2000,none,3,1.0,[[0 0]],3,True,12,uniform,0,13.856406460551018
True,1888.0,1.301207707991125,1,2000,none,3,1.0,[[0 0]],5,True,12,uniform,0,13.856406460551018
False,,1.8158665000082692,1,2000,none,3,1.0,[[0 0]],1,True,17,uniform,0,16.492422502470642
True,1970.0,1.6605419590050587,1,2000,none,3,1.0,[[0 0]],3,True,17,uniform,0,16.492422502470642
False,,1.7101966670015827,1,2000,none,3,1.0,[[0 0]],5,True,17,uniform,0,16.492422502470642
True,1784.0,1.5201122919970658,1,2000,none,3,1.0,[[0 0]],7,True,17,uniform,0,16.492422502470642
True,1694.0,1.4094603750127135,1,2000,none,3,1.0,[[0 0]],9,True,17,uniform,0,16.492422502470642
False,,2.19371362500533,1,2000,none,3,1.0,[[0 0]],1,True,22,uniform,0,18.76166303929372
False,,2.212747458994272,1,2000,none,3,1.0,[[0 0]],3,True,22,uniform,0,18.76166303929372
True,1927.0,2.0545961249881657,1,2000,none,3,1.0,[[0 0]],5,True,22,uniform,0,18.76166303929372
True,1911.0,2.1019437499926426,1,2000,none,3,1.0,[[0 0]],7,True,22,uniform,0,18.76166303929372
True,1902.0,2.0094359579961747,1,2000,none,3,1.0,[[0 0]],9,True,22,uniform,0,18.76166303929372
True,1807.0,1.9071387500007404,1,2000,none,3,1.0,[[0 0]],11,True,22,uniform,0,18.76166303929372
False,,2.513005291999434,1,2000,none,3,1.0,[[0 0]],1,True,27,uniform,0,20.784609690826528
False,,2.4622068340104306,1,2000,none,3,1.0,[[0 0]],3,True,27,uniform,0,20.784609690826528
False,,2.4915523329982534,1,2000,none,3,1.0,[[0 0]],5,True,27,uniform,0,20.784609690826528
False,,2.579933166009141,1,2000,none,3,1.0,[[0 0]],7,True,27,uniform,0,20.784609690826528
False,,2.390162750001764,1,2000,none,3,1.0,[[0 0]],9,True,27,uniform,0,20.784609690826528
False,,2.409012707998045,1,2000,none,3,1.0,[[0 0]],11,True,27,uniform,0,20.784609690826528
False,,2.4072497080051107,1,2000,none,3,1.0,[[0 0]],13,True,27,uniform,0,20.784609690826528
False,,3.0245116669975687,1,2000,none,3,1.0,[[0 0]],1,True,32,uniform,0,22.627416997969522
False,,2.8859451669995906,1,2000,none,3,1.0,[[0 0]],3,True,32,uniform,0,22.627416997969522
False,,2.826704499995685,1,2000,none,3,1.0,[[0 0]],5,True,32,uniform,0,22.627416997969522
False,,2.7971546670014504,1,2000,none,3,1.0,[[0 0]],7,True,32,uniform,0,22.627416997969522
False,,2.81207508299849,1,2000,none,3,1.0,[[0 0]],9,True,32,uniform,0,22.627416997969522
False,,2.821854000008898,1,2000,none,3,1.0,[[0 0]],11,True,32,uniform,0,22.627416997969522
False,,2.824053999996977,1,2000,none,3,1.0,[[0 0]],13,True,32,uniform,0,22.627416997969522
False,,2.793429292010842,1,2000,none,3,1.0,[[0 0]],15,True,32,uniform,0,22.627416997969522
False,,3.3209980000101496,1,2000,none,3,1.0,[[0 0]],1,True,37,uniform,0,24.331050121192877
False,,3.284686375001911,1,2000,none,3,1.0,[[0 0]],3,True,37,uniform,0,24.331050121192877
False,,3.2814070419990458,1,2000,none,3,1.0,[[0 0]],5,True,37,uniform,0,24.331050121192877
False,,3.2931898749957327,1,2000,none,3,1.0,[[0 0]],7,True,37,uniform,0,24.331050121192877
False,,3.2784167080098996,1,2000,none,3,1.0,[[0 0]],9,True,37,uniform,0,24.331050121192877
False,,3.279367542010732,1,2000,none,3,1.0,[[0 0]],11,True,37,uniform,0,24.331050121192877
False,,3.296370084004593,1,2000,none,3,1.0,[[0 0]],13,True,37,uniform,0,24.331050121192877
False,,3.282118375005666,1,2000,none,3,1.0,[[0 0]],15,True,37,uniform,0,24.331050121192877
False,,3.262775832990883,1,2000,none,3,1.0,[[0 0]],17,True,37,uniform,0,24.331050121192877
False,,3.2600691669940716,1,2000,none,3,1.0,[[0 0]],19,True,37,uniform,0,24.331050121192877
False,,3.703984665989992,1,2000,none,3,1.0,[[0 0]],1,True,42,uniform,0,25.92296279363144
False,,3.648495583998738,1,2000,none,3,1.0,[[0 0]],3,True,42,uniform,0,25.92296279363144
False,,3.675443500003894,1,2000,none,3,1.0,[[0 0]],5,True,42,uniform,0,25.92296279363144
False,,3.839658083001268,1,2000,none,3,1.0,[[0 0]],7,True,42,uniform,0,25.92296279363144
False,,3.631425333005609,1,2000,none,3,1.0,[[0 0]],9,True,42,uniform,0,25.92296279363144
False,,3.610083207997377,1,2000,none,3,1.0,[[0 0]],11,True,42,uniform,0,25.92296279363144
False,,3.6197065000014845,1,2000,none,3,1.0,[[0 0]],13,True,42,uniform,0,25.92296279363144
False,,3.581331958004739,1,2000,none,3,1.0,[[0 0]],15,True,42,uniform,0,25.92296279363144
False,,3.609952458005864,1,2000,none,3,1.0,[[0 0]],17,True,42,uniform,0,25.92296279363144
False,,3.585411167005077,1,2000,none,3,1.0,[[0 0]],19,True,42,uniform,0,25.92296279363144
False,,3.5905367090017535,1,2000,none,3,1.0,[[0 0]],21,True,42,uniform,0,25.92296279363144
False,,4.179477167010191,1,2000,none,3,1.0,[[0 0]],1,True,47,uniform,0,27.422618401604176
False,,4.107444208988454,1,2000,none,3,1.0,[[0 0]],3,True,47,uniform,0,27.422618401604176
False,,4.062437708998914,1,2000,none,3,1.0,[[0 0]],5,True,47,uniform,0,27.422618401604176
False,,4.050217916999827,1,2000,none,3,1.0,[[0 0]],7,True,47,uniform,0,27.422618401604176
False,,4.053121000004467,1,2000,none,3,1.0,[[0 0]],9,True,47,uniform,0,27.422618401604176
False,,4.047189750010148,1,2000,none,3,1.0,[[0 0]],11,True,47,uniform,0,27.422618401604176
False,,4.046997625002405,1,2000,none,3,1.0,[[0 0]],13,True,47,uniform,0,27.422618401604176
False,,4.0702474170102505,1,2000,none,3,1.0,[[0 0]],15,True,47,uniform,0,27.422618401604176
False,,4.0816611670015845,1,2000,none,3,1.0,[[0 0]],17,True,47,uniform,0,27.422618401604176
False,,4.035897708003176,1,2000,none,3,1.0,[[0 0]],19,True,47,uniform,0,27.422618401604176
False,,4.024797624995699,1,2000,none,3,1.0,[[0 0]],21,True,47,uniform,0,27.422618401604176
False,,4.009085249999771,1,2000,none,3,1.0,[[0 0]],23,True,47,uniform,0,27.422618401604176
False,,4.687479083004291,1,2000,none,3,1.0,[[0 0]],1,True,52,uniform,0,28.844410203711913
False,,4.582745499996236,1,2000,none,3,1.0,[[0 0]],3,True,52,uniform,0,28.844410203711913
False,,4.460983416996896,1,2000,none,3,1.0,[[0 0]],5,True,52,uniform,0,28.844410203711913
False,,4.4895163330074865,1,2000,none,3,1.0,[[0 0]],7,True,52,uniform,0,28.844410203711913
False,,4.487959833000787,1,2000,none,3,1.0,[[0 0]],9,True,52,uniform,0,28.844410203711913
False,,4.506103916995926,1,2000,none,3,1.0,[[0 0]],11,True,52,uniform,0,28.844410203711913
False,,4.464226875003078,1,2000,none,3,1.0,[[0 0]],13,True,52,uniform,0,28.844410203711913
False,,4.496751540995319,1,2000,none,3,1.0,[[0 0]],15,True,52,uniform,0,28.844410203711913
False,,4.47930004200316,1,2000,none,3,1.0,[[0 0]],17,True,52,uniform,0,28.844410203711913
False,,4.480727875008597,1,2000,none,3,1.0,[[0 0]],19,True,52,uniform,0,28.844410203711913
False,,4.4891756669967435,1,2000,none,3,1.0,[[0 0]],21,True,52,uniform,0,28.844410203711913
False,,4.484461041996838,1,2000,none,3,1.0,[[0 0]],23,True,52,uniform,0,28.844410203711913
False,,4.456911457993556,1,2000,none,3,1.0,[[0 0]],25,True,52,uniform,0,28.844410203711913
False,,4.489703583007213,1,2000,none,3,1.0,[[0 0]],27,True,52,uniform,0,28.844410203711913
False,,5.084929041011492,1,2000,none,3,1.0,[[0 0]],1,True,57,uniform,0,30.199337741083
False,,5.064560666010948,1,2000,none,3,1.0,[[0 0]],3,True,57,uniform,0,30.199337741083
False,,4.960138916998403,1,2000,none,3,1.0,[[0 0]],5,True,57,uniform,0,30.199337741083
False,,4.9851589589961804,1,2000,none,3,1.0,[[0 0]],7,True,57,uniform,0,30.199337741083
False,,4.9457388750015525,1,2000,none,3,1.0,[[0 0]],9,True,57,uniform,0,30.199337741083
False,,4.925626874988666,1,2000,none,3,1.0,[[0 0]],11,True,57,uniform,0,30.199337741083
False,,4.893937749991892,1,2000,none,3,1.0,[[0 0]],13,True,57,uniform,0,30.199337741083
False,,4.888703541000723,1,2000,none,3,1.0,[[0 0]],15,True,57,uniform,0,30.199337741083
False,,5.065673416000209,1,2000,none,3,1.0,[[0 0]],17,True,57,uniform,0,30.199337741083
False,,4.901709790996392,1,2000,none,3,1.0,[[0 0]],19,True,57,uniform,0,30.199337741083
False,,4.893097916996339,1,2000,none,3,1.0,[[0 0]],21,True,57,uniform,0,30.199337741083
False,,4.902254959000857,1,2000,none,3,1.0,[[0 0]],23,True,57,uniform,0,30.199337741083
False,,4.886586458000238,1,2000,none,3,1.0,[[0 0]],25,True,57,uniform,0,30.199337741083
False,,4.884380207993672,1,2000,none,3,1.0,[[0 0]],27,True,57,uniform,0,30.199337741083
False,,4.884222499997122,1,2000,none,3,1.0,[[0 0]],29,True,57,uniform,0,30.199337741083
False,,5.4906064579990925,1,2000,none,3,1.0,[[0 0]],1,True,62,uniform,0,31.496031496047245
False,,5.395307166996645,1,2000,none,3,1.0,[[0 0]],3,True,62,uniform,0,31.496031496047245
False,,5.3664412920043105,1,2000,none,3,1.0,[[0 0]],5,True,62,uniform,0,31.496031496047245
False,,5.403167041004053,1,2000,none,3,1.0,[[0 0]],7,True,62,uniform,0,31.496031496047245
False,,5.298848334001377,1,2000,none,3,1.0,[[0 0]],9,True,62,uniform,0,31.496031496047245
False,,5.3253389580058865,1,2000,none,3,1.0,[[0 0]],11,True,62,uniform,0,31.496031496047245
False,,5.266100499997265,1,2000,none,3,1.0,[[0 0]],13,True,62,uniform,0,31.496031496047245
False,,5.3624873329972615,1,2000,none,3,1.0,[[0 0]],15,True,62,uniform,0,31.496031496047245
False,,5.336055958003271,1,2000,none,3,1.0,[[0 0]],17,True,62,uniform,0,31.496031496047245
False,,5.308666458004154,1,2000,none,3,1.0,[[0 0]],19,True,62,uniform,0,31.496031496047245
False,,5.280089666994172,1,2000,none,3,1.0,[[0 0]],21,True,62,uniform,0,31.496031496047245
False,,5.4728057499887655,1,2000,none,3,1.0,[[0 0]],23,True,62,uniform,0,31.496031496047245
False,,5.307026708003832,1,2000,none,3,1.0,[[0 0]],25,True,62,uniform,0,31.496031496047245
False,,5.291796332996455,1,2000,none,3,1.0,[[0 0]],27,True,62,uniform,0,31.496031496047245
False,,5.321641542002908,1,2000,none,3,1.0,[[0 0]],29,True,62,uniform,0,31.496031496047245
False,,5.276587332991767,1,2000,none,3,1.0,[[0 0]],31,True,62,uniform,0,31.496031496047245
False,,5.920005541993305,1,2000,none,3,1.0,[[0 0]],1,True,67,uniform,0,32.7414110874898
False,,5.822179499999038,1,2000,none,3,1.0,[[0 0]],3,True,67,uniform,0,32.7414110874898
False,,5.814721582995844,1,2000,none,3,1.0,[[0 0]],5,True,67,uniform,0,32.7414110874898
False,,5.724932666998939,1,2000,none,3,1.0,[[0 0]],7,True,67,uniform,0,32.7414110874898
False,,5.9627870000113035,1,2000,none,3,1.0,[[0 0]],9,True,67,uniform,0,32.7414110874898
False,,5.751860083008069,1,2000,none,3,1.0,[[0 0]],11,True,67,uniform,0,32.7414110874898
False,,5.7000841250119265,1,2000,none,3,1.0,[[0 0]],13,True,67,uniform,0,32.7414110874898
False,,5.737140625002212,1,2000,none,3,1.0,[[0 0]],15,True,67,uniform,0,32.7414110874898
False,,5.706466125004226,1,2000,none,3,1.0,[[0 0]],17,True,67,uniform,0,32.7414110874898
False,,5.6858687909989385,1,2000,none,3,1.0,[[0 0]],19,True,67,uniform,0,32.7414110874898
False,,5.70215687500604,1,2000,none,3,1.0,[[0 0]],21,True,67,uniform,0,32.7414110874898
False,,5.6655701249983395,1,2000,none,3,1.0,[[0 0]],23,True,67,uniform,0,32.7414110874898
False,,5.630931874999078,1,2000,none,3,1.0,[[0 0]],25,True,67,uniform,0,32.7414110874898
False,,5.66526954100118,1,2000,none,3,1.0,[[0 0]],27,True,67,uniform,0,32.7414110874898
False,,5.626117457999499,1,2000,none,3,1.0,[[0 0]],29,True,67,uniform,0,32.7414110874898
False,,5.648498250011471,1,2000,none,3,1.0,[[0 0]],31,True,67,uniform,0,32.7414110874898
False,,5.594500124992919,1,2000,none,3,1.0,[[0 0]],33,True,67,uniform,0,32.7414110874898
False,,5.608762792006019,1,2000,none,3,1.0,[[0 0]],35,True,67,uniform,0,32.7414110874898
False,,6.496589208007208,1,2000,none,3,1.0,[[0 0]],1,True,72,uniform,0,33.94112549695428
False,,6.403291208000155,1,2000,none,3,1.0,[[0 0]],3,True,72,uniform,0,33.94112549695428
False,,6.432387042004848,1,2000,none,3,1.0,[[0 0]],5,True,72,uniform,0,33.94112549695428
False,,6.31980774999829,1,2000,none,3,1.0,[[0 0]],7,True,72,uniform,0,33.94112549695428
False,,6.404370042000664,1,2000,none,3,1.0,[[0 0]],9,True,72,uniform,0,33.94112549695428
False,,6.366380916995695,1,2000,none,3,1.0,[[0 0]],11,True,72,uniform,0,33.94112549695428
False,,6.3401927090017125,1,2000,none,3,1.0,[[0 0]],13,True,72,uniform,0,33.94112549695428
False,,6.298006625002017,1,2000,none,3,1.0,[[0 0]],15,True,72,uniform,0,33.94112549695428
False,,6.3201599169988185,1,2000,none,3,1.0,[[0 0]],17,True,72,uniform,0,33.94112549695428
False,,6.230204749997938,1,2000,none,3,1.0,[[0 0]],19,True,72,uniform,0,33.94112549695428
False,,6.184605041999021,1,2000,none,3,1.0,[[0 0]],21,True,72,uniform,0,33.94112549695428
False,,6.175629791992833,1,2000,none,3,1.0,[[0 0]],23,True,72,uniform,0,33.94112549695428
False,,6.176076584000839,1,2000,none,3,1.0,[[0 0]],25,True,72,uniform,0,33.94112549695428
False,,6.125995625014184,1,2000,none,3,1.0,[[0 0]],27,True,72,uniform,0,33.94112549695428
False,,6.117925166996429,1,2000,none,3,1.0,[[0 0]],29,True,72,uniform,0,33.94112549695428
False,,6.167778165996424,1,2000,none,3,1.0,[[0 0]],31,True,72,uniform,0,33.94112549695428
False,,6.356079082994256,1,2000,none,3,1.0,[[0 0]],33,True,72,uniform,0,33.94112549695428
False,,6.137962875000085,1,2000,none,3,1.0,[[0 0]],35,True,72,uniform,0,33.94112549695428
False,,6.097796375004691,1,2000,none,3,1.0,[[0 0]],37,True,72,uniform,0,33.94112549695428
False,,6.9312245000037365,1,2000,none,3,1.0,[[0 0]],1,True,77,uniform,0,35.09985754956849
False,,6.809119833007571,1,2000,none,3,1.0,[[0 0]],3,True,77,uniform,0,35.09985754956849
False,,6.722750916000223,1,2000,none,3,1.0,[[0 0]],5,True,77,uniform,0,35.09985754956849
False,,6.6978175830008695,1,2000,none,3,1.0,[[0 0]],7,True,77,uniform,0,35.09985754956849
False,,6.709460083991871,1,2000,none,3,1.0,[[0 0]],9,True,77,uniform,0,35.09985754956849
False,,6.668539916005102,1,2000,none,3,1.0,[[0 0]],11,True,77,uniform,0,35.09985754956849
False,,6.671782916993834,1,2000,none,3,1.0,[[0 0]],13,True,77,uniform,0,35.09985754956849
False,,6.680741833988577,1,2000,none,3,1.0,[[0 0]],15,True,77,uniform,0,35.09985754956849
False,,6.61748849999276,1,2000,none,3,1.0,[[0 0]],17,True,77,uniform,0,35.09985754956849
False,,6.687701874994673,1,2000,none,3,1.0,[[0 0]],19,True,77,uniform,0,35.09985754956849
False,,6.623334333009552,1,2000,none,3,1.0,[[0 0]],21,True,77,uniform,0,35.09985754956849
False,,6.614597875013715,1,2000,none,3,1.0,[[0 0]],23,True,77,uniform,0,35.09985754956849
False,,6.604496540996479,1,2000,none,3,1.0,[[0 0]],25,True,77,uniform,0,35.09985754956849
False,,6.625806541997008,1,2000,none,3,1.0,[[0 0]],27,True,77,uniform,0,35.09985754956849
False,,6.655191082987585,1,2000,none,3,1.0,[[0 0]],29,True,77,uniform,0,35.09985754956849
False,,6.514672458011773,1,2000,none,3,1.0,[[0 0]],31,True,77,uniform,0,35.09985754956849
False,,6.496016874996712,1,2000,none,3,1.0,[[0 0]],33,True,77,uniform,0,35.09985754956849
False,,6.507839249999961,1,2000,none,3,1.0,[[0 0]],35,True,77,uniform,0,35.09985754956849
False,,6.478938041997026,1,2000,none,3,1.0,[[0 0]],37,True,77,uniform,0,35.09985754956849
False,,6.486524874999304,1,2000,none,3,1.0,[[0 0]],39,True,77,uniform,0,35.09985754956849
False,,7.388338500008103,1,2000,none,3,1.0,[[0 0]],1,True,82,uniform,0,36.22154055254967
False,,7.348284457999398,1,2000,none,3,1.0,[[0 0]],3,True,82,uniform,0,36.22154055254967
False,,7.211431083997013,1,2000,none,3,1.0,[[0 0]],5,True,82,uniform,0,36.22154055254967
False,,7.2617512500000885,1,2000,none,3,1.0,[[0 0]],7,True,82,uniform,0,36.22154055254967
False,,7.221630166997784,1,2000,none,3,1.0,[[0 0]],9,True,82,uniform,0,36.22154055254967
False,,7.173606458003633,1,2000,none,3,1.0,[[0 0]],11,True,82,uniform,0,36.22154055254967
False,,7.09689425000397,1,2000,none,3,1.0,[[0 0]],13,True,82,uniform,0,36.22154055254967
False,,7.12710108300962,1,2000,none,3,1.0,[[0 0]],15,True,82,uniform,0,36.22154055254967
False,,7.174837333004689,1,2000,none,3,1.0,[[0 0]],17,True,82,uniform,0,36.22154055254967
False,,7.180511792001198,1,2000,none,3,1.0,[[0 0]],19,True,82,uniform,0,36.22154055254967
False,,7.112341750005726,1,2000,none,3,1.0,[[0 0]],21,True,82,uniform,0,36.22154055254967
False,,7.085862791005638,1,2000,none,3,1.0,[[0 0]],23,True,82,uniform,0,36.22154055254967
False,,7.173958750005113,1,2000,none,3,1.0,[[0 0]],25,True,82,uniform,0,36.22154055254967
False,,7.149217790996772,1,2000,none,3,1.0,[[0 0]],27,True,82,uniform,0,36.22154055254967
False,,7.166368707999936,1,2000,none,3,1.0,[[0 0]],29,True,82,uniform,0,36.22154055254967
False,,7.167671207993408,1,2000,none,3,1.0,[[0 0]],31,True,82,uniform,0,36.22154055254967
False,,7.124948250013404,1,2000,none,3,1.0,[[0 0]],33,True,82,uniform,0,36.22154055254967
False,,7.15648891699675,1,2000,none,3,1.0,[[0 0]],35,True,82,uniform,0,36.22154055254967
False,,7.110495833010646,1,2000,none,3,1.0,[[0 0]],37,True,82,uniform,0,36.22154055254967
False,,7.131280207991949,1,2000,none,3,1.0,[[0 0]],39,True,82,uniform,0,36.22154055254967
False,,7.1910906249977415,1,2000,none,3,1.0,[[0 0]],41,True,82,uniform,0,36.22154055254967
False,,7.146747666003648,1,2000,none,3,1.0,[[0 0]],43,True,82,uniform,0,36.22154055254967
False,,7.843760582996765,1,2000,none,3,1.0,[[0 0]],1,True,87,uniform,0,37.30951621235526
False,,7.868077832987183,1,2000,none,3,1.0,[[0 0]],3,True,87,uniform,0,37.30951621235526
False,,7.724693750002189,1,2000,none,3,1.0,[[0 0]],5,True,87,uniform,0,37.30951621235526
False,,7.647010915999999,1,2000,none,3,1.0,[[0 0]],7,True,87,uniform,0,37.30951621235526
False,,7.668701458998839,1,2000,none,3,1.0,[[0 0]],9,True,87,uniform,0,37.30951621235526
False,,7.676091791014187,1,2000,none,3,1.0,[[0 0]],11,True,87,uniform,0,37.30951621235526
False,,7.7186322920024395,1,2000,none,3,1.0,[[0 0]],13,True,87,uniform,0,37.30951621235526
False,,7.62370166600158,1,2000,none,3,1.0,[[0 0]],15,True,87,uniform,0,37.30951621235526
False,,7.61464154200803,1,2000,none,3,1.0,[[0 0]],17,True,87,uniform,0,37.30951621235526
False,,7.6609157499915455,1,2000,none,3,1.0,[[0 0]],19,True,87,uniform,0,37.30951621235526
False,,7.616634874997544,1,2000,none,3,1.0,[[0 0]],21,True,87,uniform,0,37.30951621235526
False,,7.63005362500553,1,2000,none,3,1.0,[[0 0]],23,True,87,uniform,0,37.30951621235526
False,,7.6419767909974325,1,2000,none,3,1.0,[[0 0]],25,True,87,uniform,0,37.30951621235526
False,,7.630428333010059,1,2000,none,3,1.0,[[0 0]],27,True,87,uniform,0,37.30951621235526
False,,7.607501791004324,1,2000,none,3,1.0,[[0 0]],29,True,87,uniform,0,37.30951621235526
False,,7.616425707994495,1,2000,none,3,1.0,[[0 0]],31,True,87,uniform,0,37.30951621235526
False,,7.581369291001465,1,2000,none,3,1.0,[[0 0]],33,True,87,uniform,0,37.30951621235526
False,,7.5855100420012604,1,2000,none,3,1.0,[[0 0]],35,True,87,uniform,0,37.30951621235526
False,,7.607937124994351,1,2000,none,3,1.0,[[0 0]],37,True,87,uniform,0,37.30951621235526
False,,7.5691762499918696,1,2000,none,3,1.0,[[0 0]],39,True,87,uniform,0,37.30951621235526
False,,7.48193154099863,1,2000,none,3,1.0,[[0 0]],41,True,87,uniform,0,37.30951621235526
False,,7.5307030840049265,1,2000,none,3,1.0,[[0 0]],43,True,87,uniform,0,37.30951621235526
False,,7.459520208998583,1,2000,none,3,1.0,[[0 0]],45,True,87,uniform,0,37.30951621235526
False,,8.336436333003803,1,2000,none,3,1.0,[[0 0]],1,True,92,uniform,0,38.36665218650175
False,,8.284090000001015,1,2000,none,3,1.0,[[0 0]],3,True,92,uniform,0,38.36665218650175
False,,8.155343500009621,1,2000,none,3,1.0,[[0 0]],5,True,92,uniform,0,38.36665218650175
False,,8.126886584010208,1,2000,none,3,1.0,[[0 0]],7,True,92,uniform,0,38.36665218650175
False,,8.1383552079933,1,2000,none,3,1.0,[[0 0]],9,True,92,uniform,0,38.36665218650175
False,,8.084650042001158,1,2000,none,3,1.0,[[0 0]],11,True,92,uniform,0,38.36665218650175
False,,8.097564208990661,1,2000,none,3,1.0,[[0 0]],13,True,92,uniform,0,38.36665218650175
False,,8.009183749993099,1,2000,none,3,1.0,[[0 0]],15,True,92,uniform,0,38.36665218650175
False,,7.987060166997253,1,2000,none,3,1.0,[[0 0]],17,True,92,uniform,0,38.36665218650175
False,,7.993489625005168,1,2000,none,3,1.0,[[0 0]],19,True,92,uniform,0,38.36665218650175
False,,8.033169957998325,1,2000,none,3,1.0,[[0 0]],21,True,92,uniform,0,38.36665218650175
False,,8.050948292002431,1,2000,none,3,1.0,[[0 0]],23,True,92,uniform,0,38.36665218650175
False,,8.074283790992922,1,2000,none,3,1.0,[[0 0]],25,True,92,uniform,0,38.36665218650175
False,,8.025156250005239,1,2000,none,3,1.0,[[0 0]],27,True,92,uniform,0,38.36665218650175
False,,7.997364042006666,1,2000,none,3,1.0,[[0 0]],29,True,92,uniform,0,38.36665218650175
False,,7.954712083999766,1,2000,none,3,1.0,[[0 0]],31,True,92,uniform,0,38.36665218650175
False,,7.850607667001896,1,2000,none,3,1.0,[[0 0]],33,True,92,uniform,0,38.36665218650175
False,,7.836055541993119,1,2000,none,3,1.0,[[0 0]],35,True,92,uniform,0,38.36665218650175
False,,7.882270917005371,1,2000,none,3,1.0,[[0 0]],37,True,92,uniform,0,38.36665218650175
False,,7.889484666011413,1,2000,none,3,1.0,[[0 0]],39,True,92,uniform,0,38.36665218650175
False,,7.953146915999241,1,2000,none,3,1.0,[[0 0]],41,True,92,uniform,0,38.36665218650175
False,,7.886245541987591,1,2000,none,3,1.0,[[0 0]],43,True,92,uniform,0,38.36665218650175
False,,7.879575625003781,1,2000,none,3,1.0,[[0 0]],45,True,92,uniform,0,38.36665218650175
False,,7.864837624991196,1,2000,none,3,1.0,[[0 0]],47,True,92,uniform,0,38.36665218650175
False,,8.885652500001015,1,2000,none,3,1.0,[[0 0]],1,True,97,uniform,0,39.395431207184416
False,,8.760429958012537,1,2000,none,3,1.0,[[0 0]],3,True,97,uniform,0,39.395431207184416
False,,8.73275100000319,1,2000,none,3,1.0,[[0 0]],5,True,97,uniform,0,39.395431207184416
False,,8.61150374999852,1,2000,none,3,1.0,[[0 0]],7,True,97,uniform,0,39.395431207184416
False,,8.604190334008308,1,2000,none,3,1.0,[[0 0]],9,True,97,uniform,0,39.395431207184416
False,,8.58485254200059,1,2000,none,3,1.0,[[0 0]],11,True,97,uniform,0,39.395431207184416
False,,8.563195958005963,1,2000,none,3,1.0,[[0 0]],13,True,97,uniform,0,39.395431207184416
False,,8.549667582992697,1,2000,none,3,1.0,[[0 0]],15,True,97,uniform,0,39.395431207184416
False,,8.551776374995825,1,2000,none,3,1.0,[[0 0]],17,True,97,uniform,0,39.395431207184416
False,,8.451515374996234,1,2000,none,3,1.0,[[0 0]],19,True,97,uniform,0,39.395431207184416
False,,8.490510458999779,1,2000,none,3,1.0,[[0 0]],21,True,97,uniform,0,39.395431207184416
False,,8.470589874996222,1,2000,none,3,1.0,[[0 0]],23,True,97,uniform,0,39.395431207184416
False,,8.47305620800762,1,2000,none,3,1.0,[[0 0]],25,True,97,uniform,0,39.395431207184416
False,,8.44831012499344,1,2000,none,3,1.0,[[0 0]],27,True,97,uniform,0,39.395431207184416
False,,8.495789082997362,1,2000,none,3,1.0,[[0 0]],29,True,97,uniform,0,39.395431207184416
False,,8.470225790995755,1,2000,none,3,1.0,[[0 0]],31,True,97,uniform,0,39.395431207184416
False,,8.471832374998485,1,2000,none,3,1.0,[[0 0]],33,True,97,uniform,0,39.395431207184416
False,,8.478328915996826,1,2000,none,3,1.0,[[0 0]],35,True,97,uniform,0,39.395431207184416
False,,8.452237958001206,1,2000,none,3,1.0,[[0 0]],37,True,97,uniform,0,39.395431207184416
False,,8.482121875000303,1,2000,none,3,1.0,[[0 0]],39,True,97,uniform,0,39.395431207184416
False,,8.436385790992063,1,2000,none,3,1.0,[[0 0]],41,True,97,uniform,0,39.395431207184416
False,,8.494392791006248,1,2000,none,3,1.0,[[0 0]],43,True,97,uniform,0,39.395431207184416
False,,8.452631042004214,1,2000,none,3,1.0,[[0 0]],45,True,97,uniform,0,39.395431207184416
False,,8.472477083996637,1,2000,none,3,1.0,[[0 0]],47,True,97,uniform,0,39.395431207184416
False,,8.430637292010942,1,2000,none,3,1.0,[[0 0]],49,True,97,uniform,0,39.395431207184416
False,,8.441164249990834,1,2000,none,3,1.0,[[0 0]],51,True,97,uniform,0,39.395431207184416
False,,9.327203749999171,1,2000,none,3,1.0,[[0 0]],1,True,102,uniform,0,40.39801975344831
False,,9.291498541002511,1,2000,none,3,1.0,[[0 0]],3,True,102,uniform,0,40.39801975344831
False,,9.131773208995583,1,2000,none,3,1.0,[[0 0]],5,True,102,uniform,0,40.39801975344831
False,,9.025523333999445,1,2000,none,3,1.0,[[0 0]],7,True,102,uniform,0,40.39801975344831
False,,8.967738124993048,1,2000,none,3,1.0,[[0 0]],9,True,102,uniform,0,40.39801975344831
False,,9.001819375000196,1,2000,none,3,1.0,[[0 0]],11,True,102,uniform,0,40.39801975344831
False,,8.999619374997565,1,2000,none,3,1.0,[[0 0]],13,True,102,uniform,0,40.39801975344831
False,,9.046400999999605,1,2000,none,3,1.0,[[0 0]],15,True,102,uniform,0,40.39801975344831
False,,9.031870334001724,1,2000,none,3,1.0,[[0 0]],17,True,102,uniform,0,40.39801975344831
False,,8.99184033399797,1,2000,none,3,1.0,[[0 0]],19,True,102,uniform,0,40.39801975344831
False,,9.042538250010693,1,2000,none,3,1.0,[[0 0]],21,True,102,uniform,0,40.39801975344831
False,,8.99927258399839,1,2000,none,3,1.0,[[0 0]],23,True,102,uniform,0,40.39801975344831
False,,8.915930999995908,1,2000,none,3,1.0,[[0 0]],25,True,102,uniform,0,40.39801975344831
False,,8.958209083008114,1,2000,none,3,1.0,[[0 0]],27,True,102,uniform,0,40.39801975344831
False,,8.882606541999849,1,2000,none,3,1.0,[[0 0]],29,True,102,uniform,0,40.39801975344831
False,,8.872222332996898,1,2000,none,3,1.0,[[0 0]],31,True,102,uniform,0,40.39801975344831
False,,8.891688582996721,1,2000,none,3,1.0,[[0 0]],33,True,102,uniform,0,40.39801975344831
False,,8.831047500003478,1,2000,none,3,1.0,[[0 0]],35,True,102,uniform,0,40.39801975344831
False,,8.890277042009984,1,2000,none,3,1.0,[[0 0]],37,True,102,uniform,0,40.39801975344831
False,,8.887010457998258,1,2000,none,3,1.0,[[0 0]],39,True,102,uniform,0,40.39801975344831
False,,8.869463250011904,1,2000,none,3,1.0,[[0 0]],41,True,102,uniform,0,40.39801975344831
False,,8.856510291006998,1,2000,none,3,1.0,[[0 0]],43,True,102,uniform,0,40.39801975344831
False,,8.863061957992613,1,2000,none,3,1.0,[[0 0]],45,True,102,uniform,0,40.39801975344831
False,,8.855620250003994,1,2000,none,3,1.0,[[0 0]],47,True,102,uniform,0,40.39801975344831
False,,8.857725833993754,1,2000,none,3,1.0,[[0 0]],49,True,102,uniform,0,40.39801975344831
False,,8.855380709006567,1,2000,none,3,1.0,[[0 0]],51,True,102,uniform,0,40.39801975344831
False,,8.846411249993253,1,2000,none,3,1.0,[[0 0]],53,True,102,uniform,0,40.39801975344831
False,,9.77934183398611,1,2000,none,3,1.0,[[0 0]],1,True,107,uniform,0,41.376321731154405
False,,9.731141999989632,1,2000,none,3,1.0,[[0 0]],3,True,107,uniform,0,41.376321731154405
False,,9.616024290997302,1,2000,none,3,1.0,[[0 0]],5,True,107,uniform,0,41.376321731154405
False,,9.471551624999847,1,2000,none,3,1.0,[[0 0]],7,True,107,uniform,0,41.376321731154405
False,,9.393705542010139,1,2000,none,3,1.0,[[0 0]],9,True,107,uniform,0,41.376321731154405
False,,9.466529750003247,1,2000,none,3,1.0,[[0 0]],11,True,107,uniform,0,41.376321731154405
False,,9.476996042008977,1,2000,none,3,1.0,[[0 0]],13,True,107,uniform,0,41.376321731154405
False,,9.423263708988088,1,2000,none,3,1.0,[[0 0]],15,True,107,uniform,0,41.376321731154405
False,,9.457660042011412,1,2000,none,3,1.0,[[0 0]],17,True,107,uniform,0,41.376321731154405
False,,9.440512458997546,1,2000,none,3,1.0,[[0 0]],19,True,107,uniform,0,41.376321731154405
False,,9.415200000003097,1,2000,none,3,1.0,[[0 0]],21,True,107,uniform,0,41.376321731154405
False,,9.451303916997858,1,2000,none,3,1.0,[[0 0]],23,True,107,uniform,0,41.376321731154405
False,,9.390224540999043,1,2000,none,3,1.0,[[0 0]],25,True,107,uniform,0,41.376321731154405
False,,9.232270584005164,1,2000,none,3,1.0,[[0 0]],27,True,107,uniform,0,41.376321731154405
False,,9.223831374998554,1,2000,none,3,1.0,[[0 0]],29,True,107,uniform,0,41.376321731154405
False,,9.223499416999402,1,2000,none,3,1.0,[[0 0]],31,True,107,uniform,0,41.376321731154405
False,,9.254566750008962,1,2000,none,3,1.0,[[0 0]],33,True,107,uniform,0,41.376321731154405
False,,9.20013441699848,1,2000,none,3,1.0,[[0 0]],35,True,107,uniform,0,41.376321731154405
False,,9.218736750000971,1,2000,none,3,1.0,[[0 0]],37,True,107,uniform,0,41.376321731154405
False,,9.203371499999776,1,2000,none,3,1.0,[[0 0]],39,True,107,uniform,0,41.376321731154405
False,,9.186828416000935,1,2000,none,3,1.0,[[0 0]],41,True,107,uniform,0,41.376321731154405
False,,9.164188624999952,1,2000,none,3,1.0,[[0 0]],43,True,107,uniform,0,41.376321731154405
False,,9.16399862500839,1,2000,none,3,1.0,[[0 0]],45,True,107,uniform,0,41.376321731154405
False,,9.151712042003055,1,2000,none,3,1.0,[[0 0]],47,True,107,uniform,0,41.376321731154405
False,,9.163722542012692,1,2000,none,3,1.0,[[0 0]],49,True,107,uniform,0,41.376321731154405
False,,9.159203833987704,1,2000,none,3,1.0,[[0 0]],51,True,107,uniform,0,41.376321731154405
False,,9.133654416989884,1,2000,none,3,1.0,[[0 0]],53,True,107,uniform,0,41.376321731154405
False,,9.152066458002082,1,2000,none,3,1.0,[[0 0]],55,True,107,uniform,0,41.376321731154405
False,,10.201682124999934,1,2000,none,3,1.0,[[0 0]],1,True,112,uniform,0,42.33202097703345
False,,10.242055666996748,1,2000,none,3,1.0,[[0 0]],3,True,112,uniform,0,42.33202097703345
False,,10.081135208005435,1,2000,none,3,1.0,[[0 0]],5,True,112,uniform,0,42.33202097703345
False,,10.020491333008977,1,2000,none,3,1.0,[[0 0]],7,True,112,uniform,0,42.33202097703345
False,,9.94403387499915,1,2000,none,3,1.0,[[0 0]],9,True,112,uniform,0,42.33202097703345
False,,9.927196415999788,1,2000,none,3,1.0,[[0 0]],11,True,112,uniform,0,42.33202097703345
False,,9.90122316700581,1,2000,none,3,1.0,[[0 0]],13,True,112,uniform,0,42.33202097703345
False,,9.8618062500027,1,2000,none,3,1.0,[[0 0]],15,True,112,uniform,0,42.33202097703345
False,,9.896845666997251,1,2000,none,3,1.0,[[0 0]],17,True,112,uniform,0,42.33202097703345
False,,9.883602332993178,1,2000,none,3,1.0,[[0 0]],19,True,112,uniform,0,42.33202097703345
False,,9.85353625001153,1,2000,none,3,1.0,[[0 0]],21,True,112,uniform,0,42.33202097703345
False,,9.830084583009011,1,2000,none,3,1.0,[[0 0]],23,True,112,uniform,0,42.33202097703345
False,,9.84096916699491,1,2000,none,3,1.0,[[0 0]],25,True,112,uniform,0,42.33202097703345
False,,9.782312333001755,1,2000,none,3,1.0,[[0 0]],27,True,112,uniform,0,42.33202097703345
False,,9.75333412499458,1,2000,none,3,1.0,[[0 0]],29,True,112,uniform,0,42.33202097703345
False,,9.802232082991395,1,2000,none,3,1.0,[[0 0]],31,True,112,uniform,0,42.33202097703345
False,,9.773491125000874,1,2000,none,3,1.0,[[0 0]],33,True,112,uniform,0,42.33202097703345
False,,9.774003375001485,1,2000,none,3,1.0,[[0 0]],35,True,112,uniform,0,42.33202097703345
False,,9.757061250013066,1,2000,none,3,1.0,[[0 0]],37,True,112,uniform,0,42.33202097703345
False,,9.693773332997807,1,2000,none,3,1.0,[[0 0]],39,True,112,uniform,0,42.33202097703345
False,,9.732098417007364,1,2000,none,3,1.0,[[0 0]],41,True,112,uniform,0,42.33202097703345
False,,9.723806207999587,1,2000,none,3,1.0,[[0 0]],43,True,112,uniform,0,42.33202097703345
False,,9.713707041999442,1,2000,none,3,1.0,[[0 0]],45,True,112,uniform,0,42.33202097703345
False,,9.672990416991524,1,2000,none,3,1.0,[[0 0]],47,True,112,uniform,0,42.33202097703345
False,,9.677176707991748,1,2000,none,3,1.0,[[0 0]],49,True,112,uniform,0,42.33202097703345
False,,9.685187291994225,1,2000,none,3,1.0,[[0 0]],51,True,112,uniform,0,42.33202097703345
False,,9.668238875005045,1,2000,none,3,1.0,[[0 0]],53,True,112,uniform,0,42.33202097703345
False,,9.637489999993704,1,2000,none,3,1.0,[[0 0]],55,True,112,uniform,0,42.33202097703345
False,,9.655738332992769,1,2000,none,3,1.0,[[0 0]],57,True,112,uniform,0,42.33202097703345
False,,9.638952790992334,1,2000,none,3,1.0,[[0 0]],59,True,112,uniform,0,42.33202097703345
False,,10.764518582989695,1,2000,none,3,1.0,[[0 0]],1,True,117,uniform,0,43.266615305567875
False,,10.67183712500264,1,2000,none,3,1.0,[[0 0]],3,True,117,uniform,0,43.266615305567875
False,,10.56269033299759,1,2000,none,3,1.0,[[0 0]],5,True,117,uniform,0,43.266615305567875
False,,10.460124874996836,1,2000,none,3,1.0,[[0 0]],7,True,117,uniform,0,43.266615305567875
False,,10.34721437501139,1,2000,none,3,1.0,[[0 0]],9,True,117,uniform,0,43.266615305567875
False,,10.425627417003852,1,2000,none,3,1.0,[[0 0]],11,True,117,uniform,0,43.266615305567875
False,,10.401457500003744,1,2000,none,3,1.0,[[0 0]],13,True,117,uniform,0,43.266615305567875
False,,10.310212750002393,1,2000,none,3,1.0,[[0 0]],15,True,117,uniform,0,43.266615305567875
False,,10.29444599999988,1,2000,none,3,1.0,[[0 0]],17,True,117,uniform,0,43.266615305567875
False,,10.355245291997562,1,2000,none,3,1.0,[[0 0]],19,True,117,uniform,0,43.266615305567875
False,,10.289481999992859,1,2000,none,3,1.0,[[0 0]],21,True,117,uniform,0,43.266615305567875
False,,10.276729958000942,1,2000,none,3,1.0,[[0 0]],23,True,117,uniform,0,43.266615305567875
False,,10.214617584002553,1,2000,none,3,1.0,[[0 0]],25,True,117,uniform,0,43.266615305567875
False,,10.181570166998426,1,2000,none,3,1.0,[[0 0]],27,True,117,uniform,0,43.266615305567875
False,,10.146299958010786,1,2000,none,3,1.0,[[0 0]],29,True,117,uniform,0,43.266615305567875
False,,10.132685832999414,1,2000,none,3,1.0,[[0 0]],31,True,117,uniform,0,43.266615305567875
False,,10.10554316699563,1,2000,none,3,1.0,[[0 0]],33,True,117,uniform,0,43.266615305567875
False,,10.093849458004115,1,2000,none,3,1.0,[[0 0]],35,True,117,uniform,0,43.266615305567875
False,,10.069328584009781,1,2000,none,3,1.0,[[0 0]],37,True,117,uniform,0,43.266615305567875
False,,10.051938916993095,1,2000,none,3,1.0,[[0 0]],39,True,117,uniform,0,43.266615305567875
False,,10.097705958003644,1,2000,none,3,1.0,[[0 0]],41,True,117,uniform,0,43.266615305567875
False,,10.042303834008635,1,2000,none,3,1.0,[[0 0]],43,True,117,uniform,0,43.266615305567875
False,,10.024437624990242,1,2000,none,3,1.0,[[0 0]],45,True,117,uniform,0,43.266615305567875
False,,10.03510858399386,1,2000,none,3,1.0,[[0 0]],47,True,117,uniform,0,43.266615305567875
False,,10.026902709010756,1,2000,none,3,1.0,[[0 0]],49,True,117,uniform,0,43.266615305567875
False,,10.043362166004954,1,2000,none,3,1.0,[[0 0]],51,True,117,uniform,0,43.266615305567875
False,,10.017028250003932,1,2000,none,3,1.0,[[0 0]],53,True,117,uniform,0,43.266615305567875
False,,10.04932520800503,1,2000,none,3,1.0,[[0 0]],55,True,117,uniform,0,43.266615305567875
False,,10.031897584005492,1,2000,none,3,1.0,[[0 0]],57,True,117,uniform,0,43.266615305567875
False,,10.023054249992128,1,2000,none,3,1.0,[[0 0]],59,True,117,uniform,0,43.266615305567875
False,,10.016460915998323,1,2000,none,3,1.0,[[0 0]],61,True,117,uniform,0,43.266615305567875
False,,11.242533666998497,1,2000,none,3,1.0,[[0 0]],1,True,122,uniform,0,44.181444068749045
False,,11.213493000002927,1,2000,none,3,1.0,[[0 0]],3,True,122,uniform,0,44.181444068749045
False,,11.069100291002542,1,2000,none,3,1.0,[[0 0]],5,True,122,uniform,0,44.181444068749045
False,,10.917066292007803,1,2000,none,3,1.0,[[0 0]],7,True,122,uniform,0,44.181444068749045
False,,10.862381416998687,1,2000,none,3,1.0,[[0 0]],9,True,122,uniform,0,44.181444068749045
False,,10.860267999989446,1,2000,none,3,1.0,[[0 0]],11,True,122,uniform,0,44.181444068749045
False,,10.834482916005072,1,2000,none,3,1.0,[[0 0]],13,True,122,uniform,0,44.181444068749045
False,,10.899718792003114,1,2000,none,3,1.0,[[0 0]],15,True,122,uniform,0,44.181444068749045
False,,10.77400387499074,1,2000,none,3,1.0,[[0 0]],17,True,122,uniform,0,44.181444068749045
False,,10.808482542008278,1,2000,none,3,1.0,[[0 0]],19,True,122,uniform,0,44.181444068749045
False,,10.763540875006584,1,2000,none,3,1.0,[[0 0]],21,True,122,uniform,0,44.181444068749045
False,,10.787972791003995,1,2000,none,3,1.0,[[0 0]],23,True,122,uniform,0,44.181444068749045
False,,10.768406040995615,1,2000,none,3,1.0,[[0 0]],25,True,122,uniform,0,44.181444068749045
False,,10.749940499998047,1,2000,none,3,1.0,[[0 0]],27,True,122,uniform,0,44.181444068749045
False,,10.77566983300494,1,2000,none,3,1.0,[[0 0]],29,True,122,uniform,0,44.181444068749045
False,,10.719704707997153,1,2000,none,3,1.0,[[0 0]],31,True,122,uniform,0,44.181444068749045
False,,10.782187499993597,1,2000,none,3,1.0,[[0 0]],33,True,122,uniform,0,44.181444068749045
False,,10.675961959001143,1,2000,none,3,1.0,[[0 0]],35,True,122,uniform,0,44.181444068749045
False,,10.499596333000227,1,2000,none,3,1.0,[[0 0]],37,True,122,uniform,0,44.181444068749045
False,,10.48584400000982,1,2000,none,3,1.0,[[0 0]],39,True,122,uniform,0,44.181444068749045
False,,10.49160441699496,1,2000,none,3,1.0,[[0 0]],41,True,122,uniform,0,44.181444068749045
False,,10.467911083993386,1,2000,none,3,1.0,[[0 0]],43,True,122,uniform,0,44.181444068749045
False,,10.51360599999316,1,2000,none,3,1.0,[[0 0]],45,True,122,uniform,0,44.181444068749045
False,,10.548288916004822,1,2000,none,3,1.0,[[0 0]],47,True,122,uniform,0,44.181444068749045
False,,10.53954904100101,1,2000,none,3,1.0,[[0 0]],49,True,122,uniform,0,44.181444068749045
False,,10.548927000010735,1,2000,none,3,1.0,[[0 0]],51,True,122,uniform,0,44.181444068749045
False,,10.52314624999417,1,2000,none,3,1.0,[[0 0]],53,True,122,uniform,0,44.181444068749045
False,,10.50910149999254,1,2000,none,3,1.0,[[0 0]],55,True,122,uniform,0,44.181444068749045
False,,10.499019665992819,1,2000,none,3,1.0,[[0 0]],57,True,122,uniform,0,44.181444068749045
False,,10.481103666999843,1,2000,none,3,1.0,[[0 0]],59,True,122,uniform,0,44.181444068749045
False,,10.499261624994688,1,2000,none,3,1.0,[[0 0]],61,True,122,uniform,0,44.181444068749045
False,,10.49688658300147,1,2000,none,3,1.0,[[0 0]],63,True,122,uniform,0,44.181444068749045
False,,11.741530208993936,1,2000,none,3,1.0,[[0 0]],1,True,127,uniform,0,45.077710678338576
False,,11.742582625010982,1,2000,none,3,1.0,[[0 0]],3,True,127,uniform,0,45.077710678338576
False,,11.613187666007434,1,2000,none,3,1.0,[[0 0]],5,True,127,uniform,0,45.077710678338576
False,,11.520811291993596,1,2000,none,3,1.0,[[0 0]],7,True,127,uniform,0,45.077710678338576
False,,11.39847841700248,1,2000,none,3,1.0,[[0 0]],9,True,127,uniform,0,45.077710678338576
False,,11.349856750006438,1,2000,none,3,1.0,[[0 0]],11,True,127,uniform,0,45.077710678338576
False,,11.29489045900118,1,2000,none,3,1.0,[[0 0]],13,True,127,uniform,0,45.077710678338576
False,,11.23154666699702,1,2000,none,3,1.0,[[0 0]],15,True,127,uniform,0,45.077710678338576
False,,11.245239708994632,1,2000,none,3,1.0,[[0 0]],17,True,127,uniform,0,45.077710678338576
False,,11.205944125002134,1,2000,none,3,1.0,[[0 0]],19,True,127,uniform,0,45.077710678338576
False,,11.172567458008416,1,2000,none,3,1.0,[[0 0]],21,True,127,uniform,0,45.077710678338576
False,,11.202591167006176,1,2000,none,3,1.0,[[0 0]],23,True,127,uniform,0,45.077710678338576
False,,11.170472041994799,1,2000,none,3,1.0,[[0 0]],25,True,127,uniform,0,45.077710678338576
False,,11.145192875002977,1,2000,none,3,1.0,[[0 0]],27,True,127,uniform,0,45.077710678338576
False,,11.155710541002918,1,2000,none,3,1.0,[[0 0]],29,True,127,uniform,0,45.077710678338576
False,,11.189392458007205,1,2000,none,3,1.0,[[0 0]],31,True,127,uniform,0,45.077710678338576
False,,11.151010417001089,1,2000,none,3,1.0,[[0 0]],33,True,127,uniform,0,45.077710678338576
False,,11.192307249992155,1,2000,none,3,1.0,[[0 0]],35,True,127,uniform,0,45.077710678338576
False,,11.173795541995787,1,2000,none,3,1.0,[[0 0]],37,True,127,uniform,0,45.077710678338576
False,,11.14141091700003,1,2000,none,3,1.0,[[0 0]],39,True,127,uniform,0,45.077710678338576
False,,11.179122000001371,1,2000,none,3,1.0,[[0 0]],41,True,127,uniform,0,45.077710678338576
False,,11.131183834004332,1,2000,none,3,1.0,[[0 0]],43,True,127,uniform,0,45.077710678338576
False,,11.133599624998169,1,2000,none,3,1.0,[[0 0]],45,True,127,uniform,0,45.077710678338576
False,,11.100698165988433,1,2000,none,3,1.0,[[0 0]],47,True,127,uniform,0,45.077710678338576
False,,11.133700416990905,1,2000,none,3,1.0,[[0 0]],49,True,127,uniform,0,45.077710678338576
False,,11.086242374993162,1,2000,none,3,1.0,[[0 0]],51,True,127,uniform,0,45.077710678338576
False,,11.065494833004777,1,2000,none,3,1.0,[[0 0]],53,True,127,uniform,0,45.077710678338576
False,,11.05438108400267,1,2000,none,3,1.0,[[0 0]],55,True,127,uniform,0,45.077710678338576
False,,11.034585958987009,1,2000,none,3,1.0,[[0 0]],57,True,127,uniform,0,45.077710678338576
False,,10.994407209000201,1,2000,none,3,1.0,[[0 0]],59,True,127,uniform,0,45.077710678338576
False,,11.040217917005066,1,2000,none,3,1.0,[[0 0]],61,True,127,uniform,0,45.077710678338576
False,,10.951765458012233,1,2000,none,3,1.0,[[0 0]],63,True,127,uniform,0,45.077710678338576
False,,10.93815750000067,1,2000,none,3,1.0,[[0 0]],65,True,127,uniform,0,45.077710678338576
False,,10.962022667008569,1,2000,none,3,1.0,[[0 0]],67,True,127,uniform,0,45.077710678338576
False,,12.26844433399674,1,2000,none,3,1.0,[[0 0]],1,True,132,uniform,0,45.95650117230423
False,,12.232384707996971,1,2000,none,3,1.0,[[0 0]],3,True,132,uniform,0,45.95650117230423
False,,12.155388291997951,1,2000,none,3,1.0,[[0 0]],5,True,132,uniform,0,45.95650117230423
False,,12.031121624997468,1,2000,none,3,1.0,[[0 0]],7,True,132,uniform,0,45.95650117230423
False,,11.917770208005095,1,2000,none,3,1.0,[[0 0]],9,True,132,uniform,0,45.95650117230423
False,,11.858389250002801,1,2000,none,3,1.0,[[0 0]],11,True,132,uniform,0,45.95650117230423
False,,11.866893083002651,1,2000,none,3,1.0,[[0 0]],13,True,132,uniform,0,45.95650117230423
False,,11.990807249996578,1,2000,none,3,1.0,[[0 0]],15,True,132,uniform,0,45.95650117230423
False,,11.92705474999093,1,2000,none,3,1.0,[[0 0]],17,True,132,uniform,0,45.95650117230423
False,,11.847344209003495,1,2000,none,3,1.0,[[0 0]],19,True,132,uniform,0,45.95650117230423
False,,11.854980083997361,1,2000,none,3,1.0,[[0 0]],21,True,132,uniform,0,45.95650117230423
False,,11.86921250000887,1,2000,none,3,1.0,[[0 0]],23,True,132,uniform,0,45.95650117230423
False,,11.783493167007691,1,2000,none,3,1.0,[[0 0]],25,True,132,uniform,0,45.95650117230423
False,,11.73034020900377,1,2000,none,3,1.0,[[0 0]],27,True,132,uniform,0,45.95650117230423
False,,11.735000957996817,1,2000,none,3,1.0,[[0 0]],29,True,132,uniform,0,45.95650117230423
False,,11.720243916992331,1,2000,none,3,1.0,[[0 0]],31,True,132,uniform,0,45.95650117230423
False,,11.653464874994825,1,2000,none,3,1.0,[[0 0]],33,True,132,uniform,0,45.95650117230423
False,,11.721840792000876,1,2000,none,3,1.0,[[0 0]],35,True,132,uniform,0,45.95650117230423
False,,11.62667524999415,1,2000,none,3,1.0,[[0 0]],37,True,132,uniform,0,45.95650117230423
False,,11.667103583007702,1,2000,none,3,1.0,[[0 0]],39,True,132,uniform,0,45.95650117230423
False,,11.703118583987816,1,2000,none,3,1.0,[[0 0]],41,True,132,uniform,0,45.95650117230423
False,,11.690661291999277,1,2000,none,3,1.0,[[0 0]],43,True,132,uniform,0,45.95650117230423
False,,11.698023916993407,1,2000,none,3,1.0,[[0 0]],45,True,132,uniform,0,45.95650117230423
False,,11.656863583004451,1,2000,none,3,1.0,[[0 0]],47,True,132,uniform,0,45.95650117230423
False,,11.670821292005712,1,2000,none,3,1.0,[[0 0]],49,True,132,uniform,0,45.95650117230423
False,,11.668326209008228,1,2000,none,3,1.0,[[0 0]],51,True,132,uniform,0,45.95650117230423
False,,11.671764750004513,1,2000,none,3,1.0,[[0 0]],53,True,132,uniform,0,45.95650117230423
False,,11.682490374994813,1,2000,none,3,1.0,[[0 0]],55,True,132,uniform,0,45.95650117230423
False,,11.641486584005179,1,2000,none,3,1.0,[[0 0]],57,True,132,uniform,0,45.95650117230423
False,,11.61517812499369,1,2000,none,3,1.0,[[0 0]],59,True,132,uniform,0,45.95650117230423
False,,11.633401749990298,1,2000,none,3,1.0,[[0 0]],61,True,132,uniform,0,45.95650117230423
False,,11.617884333987604,1,2000,none,3,1.0,[[0 0]],63,True,132,uniform,0,45.95650117230423
False,,11.629597666993504,1,2000,none,3,1.0,[[0 0]],65,True,132,uniform,0,45.95650117230423
False,,11.628992540994659,1,2000,none,3,1.0,[[0 0]],67,True,132,uniform,0,45.95650117230423
False,,11.587736959001631,1,2000,none,3,1.0,[[0 0]],69,True,132,uniform,0,45.95650117230423
False,,12.749504916995647,1,2000,none,3,1.0,[[0 0]],1,True,137,uniform,0,46.8187996428785
False,,12.744186500000069,1,2000,none,3,1.0,[[0 0]],3,True,137,uniform,0,46.8187996428785
False,,12.636839541999507,1,2000,none,3,1.0,[[0 0]],5,True,137,uniform,0,46.8187996428785
False,,12.478529125000932,1,2000,none,3,1.0,[[0 0]],7,True,137,uniform,0,46.8187996428785
False,,12.352866332992562,1,2000,none,3,1.0,[[0 0]],9,True,137,uniform,0,46.8187996428785
False,,12.343684207997285,1,2000,none,3,1.0,[[0 0]],11,True,137,uniform,0,46.8187996428785
False,,12.360991375011508,1,2000,none,3,1.0,[[0 0]],13,True,137,uniform,0,46.8187996428785
False,,12.311981833001482,1,2000,none,3,1.0,[[0 0]],15,True,137,uniform,0,46.8187996428785
False,,12.222216166992439,1,2000,none,3,1.0,[[0 0]],17,True,137,uniform,0,46.8187996428785
False,,12.247376040992094,1,2000,none,3,1.0,[[0 0]],19,True,137,uniform,0,46.8187996428785
False,,12.161774624997634,1,2000,none,3,1.0,[[0 0]],21,True,137,uniform,0,46.8187996428785
False,,12.27197079200414,1,2000,none,3,1.0,[[0 0]],23,True,137,uniform,0,46.8187996428785
False,,12.233880458006752,1,2000,none,3,1.0,[[0 0]],25,True,137,uniform,0,46.8187996428785
False,,12.16765854100231,1,2000,none,3,1.0,[[0 0]],27,True,137,uniform,0,46.8187996428785
False,,12.201485041994601,1,2000,none,3,1.0,[[0 0]],29,True,137,uniform,0,46.8187996428785
False,,12.22175541598699,1,2000,none,3,1.0,[[0 0]],31,True,137,uniform,0,46.8187996428785
False,,12.210160125003313,1,2000,none,3,1.0,[[0 0]],33,True,137,uniform,0,46.8187996428785
False,,12.174707792000845,1,2000,none,3,1.0,[[0 0]],35,True,137,uniform,0,46.8187996428785
False,,12.182596208003815,1,2000,none,3,1.0,[[0 0]],37,True,137,uniform,0,46.8187996428785
False,,12.152826499994262,1,2000,none,3,1.0,[[0 0]],39,True,137,uniform,0,46.8187996428785
False,,12.163178207993042,1,2000,none,3,1.0,[[0 0]],41,True,137,uniform,0,46.8187996428785
False,,12.138124042001436,1,2000,none,3,1.0,[[0 0]],43,True,137,uniform,0,46.8187996428785
False,,12.15177316700283,1,2000,none,3,1.0,[[0 0]],45,True,137,uniform,0,46.8187996428785
False,,11.995158167002955,1,2000,none,3,1.0,[[0 0]],47,True,137,uniform,0,46.8187996428785
False,,11.975210874996264,1,2000,none,3,1.0,[[0 0]],49,True,137,uniform,0,46.8187996428785
False,,11.94742241599306,1,2000,none,3,1.0,[[0 0]],51,True,137,uniform,0,46.8187996428785
False,,11.951942667001276,1,2000,none,3,1.0,[[0 0]],53,True,137,uniform,0,46.8187996428785
False,,11.97015358399949,1,2000,none,3,1.0,[[0 0]],55,True,137,uniform,0,46.8187996428785
False,,11.957135083997855,1,2000,none,3,1.0,[[0 0]],57,True,137,uniform,0,46.8187996428785
False,,11.926241541004856,1,2000,none,3,1.0,[[0 0]],59,True,137,uniform,0,46.8187996428785
False,,11.94073704200855,1,2000,none,3,1.0,[[0 0]],61,True,137,uniform,0,46.8187996428785
False,,11.930508541001473,1,2000,none,3,1.0,[[0 0]],63,True,137,uniform,0,46.8187996428785
False,,11.924059625001973,1,2000,none,3,1.0,[[0 0]],65,True,137,uniform,0,46.8187996428785
False,,11.93295383300574,1,2000,none,3,1.0,[[0 0]],67,True,137,uniform,0,46.8187996428785
False,,11.913256915999227,1,2000,none,3,1.0,[[0 0]],69,True,137,uniform,0,46.8187996428785
False,,11.92670625000028,1,2000,none,3,1.0,[[0 0]],71,True,137,uniform,0,46.8187996428785
False,,13.294948750000913,1,2000,none,3,1.0,[[0 0]],1,True,142,uniform,0,47.66550115125194
False,,13.274545833002776,1,2000,none,3,1.0,[[0 0]],3,True,142,uniform,0,47.66550115125194
False,,13.089252707999549,1,2000,none,3,1.0,[[0 0]],5,True,142,uniform,0,47.66550115125194
False,,12.96832116699079,1,2000,none,3,1.0,[[0 0]],7,True,142,uniform,0,47.66550115125194
False,,12.930649250003626,1,2000,none,3,1.0,[[0 0]],9,True,142,uniform,0,47.66550115125194
False,,12.854738209003699,1,2000,none,3,1.0,[[0 0]],11,True,142,uniform,0,47.66550115125194
False,,12.790592125005787,1,2000,none,3,1.0,[[0 0]],13,True,142,uniform,0,47.66550115125194
False,,12.711186790998909,1,2000,none,3,1.0,[[0 0]],15,True,142,uniform,0,47.66550115125194
False,,12.738014707996626,1,2000,none,3,1.0,[[0 0]],17,True,142,uniform,0,47.66550115125194
False,,12.72869591700146,1,2000,none,3,1.0,[[0 0]],19,True,142,uniform,0,47.66550115125194
False,,12.649379957991187,1,2000,none,3,1.0,[[0 0]],21,True,142,uniform,0,47.66550115125194
False,,12.654517499991925,1,2000,none,3,1.0,[[0 0]],23,True,142,uniform,0,47.66550115125194
False,,12.595552041995688,1,2000,none,3,1.0,[[0 0]],25,True,142,uniform,0,47.66550115125194
False,,12.64972666700487,1,2000,none,3,1.0,[[0 0]],27,True,142,uniform,0,47.66550115125194
False,,12.600609582994366,1,2000,none,3,1.0,[[0 0]],29,True,142,uniform,0,47.66550115125194
False,,12.502499583002646,1,2000,none,3,1.0,[[0 0]],31,True,142,uniform,0,47.66550115125194
False,,12.55959645799885,1,2000,none,3,1.0,[[0 0]],33,True,142,uniform,0,47.66550115125194
False,,12.437894416987547,1,2000,none,3,1.0,[[0 0]],35,True,142,uniform,0,47.66550115125194
False,,12.451872792007634,1,2000,none,3,1.0,[[0 0]],37,True,142,uniform,0,47.66550115125194
False,,12.481820583008812,1,2000,none,3,1.0,[[0 0]],39,True,142,uniform,0,47.66550115125194
False,,12.413139083000715,1,2000,none,3,1.0,[[0 0]],41,True,142,uniform,0,47.66550115125194
False,,12.418142334005097,1,2000,none,3,1.0,[[0 0]],43,True,142,uniform,0,47.66550115125194
False,,12.398941334002302,1,2000,none,3,1.0,[[0 0]],45,True,142,uniform,0,47.66550115125194
False,,12.399963624993688,1,2000,none,3,1.0,[[0 0]],47,True,142,uniform,0,47.66550115125194
False,,12.472402915998828,1,2000,none,3,1.0,[[0 0]],49,True,142,uniform,0,47.66550115125194
False,,12.35510383300425,1,2000,none,3,1.0,[[0 0]],51,True,142,uniform,0,47.66550115125194
False,,12.345841082991683,1,2000,none,3,1.0,[[0 0]],53,True,142,uniform,0,47.66550115125194
False,,12.374970999997458,1,2000,none,3,1.0,[[0 0]],55,True,142,uniform,0,47.66550115125194
False,,12.361132416990586,1,2000,none,3,1.0,[[0 0]],57,True,142,uniform,0,47.66550115125194
False,,12.376739584011375,1,2000,none,3,1.0,[[0 0]],59,True,142,uniform,0,47.66550115125194
False,,12.336747082998045,1,2000,none,3,1.0,[[0 0]],61,True,142,uniform,0,47.66550115125194
False,,12.329127499993774,1,2000,none,3,1.0,[[0 0]],63,True,142,uniform,0,47.66550115125194
False,,12.34909229099867,1,2000,none,3,1.0,[[0 0]],65,True,142,uniform,0,47.66550115125194
False,,12.33572187498794,1,2000,none,3,1.0,[[0 0]],67,True,142,uniform,0,47.66550115125194
False,,12.369534583995119,1,2000,none,3,1.0,[[0 0]],69,True,142,uniform,0,47.66550115125194
False,,12.372585875011282,1,2000,none,3,1.0,[[0 0]],71,True,142,uniform,0,47.66550115125194
False,,12.33818429200619,1,2000,none,3,1.0,[[0 0]],73,True,142,uniform,0,47.66550115125194
False,,12.33471208300034,1,2000,none,3,1.0,[[0 0]],75,True,142,uniform,0,47.66550115125194
False,,13.735404958992149,1,2000,none,3,1.0,[[0 0]],1,True,147,uniform,0,48.49742261192856
False,,13.763856165998732,1,2000,none,3,1.0,[[0 0]],3,True,147,uniform,0,48.49742261192856
False,,13.648921749991132,1,2000,none,3,1.0,[[0 0]],5,True,147,uniform,0,48.49742261192856
False,,13.450860790995648,1,2000,none,3,1.0,[[0 0]],7,True,147,uniform,0,48.49742261192856
False,,13.32440625000163,1,2000,none,3,1.0,[[0 0]],9,True,147,uniform,0,48.49742261192856
False,,13.333108874998288,1,2000,none,3,1.0,[[0 0]],11,True,147,uniform,0,48.49742261192856
False,,13.309813166997628,1,2000,none,3,1.0,[[0 0]],13,True,147,uniform,0,48.49742261192856
False,,13.194168916990748,1,2000,none,3,1.0,[[0 0]],15,True,147,uniform,0,48.49742261192856
False,,13.187148375000106,1,2000,none,3,1.0,[[0 0]],17,True,147,uniform,0,48.49742261192856
False,,13.351837708003586,1,2000,none,3,1.0,[[0 0]],19,True,147,uniform,0,48.49742261192856
False,,13.198502207989804,1,2000,none,3,1.0,[[0 0]],21,True,147,uniform,0,48.49742261192856
False,,13.111396042004344,1,2000,none,3,1.0,[[0 0]],23,True,147,uniform,0,48.49742261192856
False,,13.088106540992158,1,2000,none,3,1.0,[[0 0]],25,True,147,uniform,0,48.49742261192856
False,,13.092304124991642,1,2000,none,3,1.0,[[0 0]],27,True,147,uniform,0,48.49742261192856
False,,13.068128916012938,1,2000,none,3,1.0,[[0 0]],29,True,147,uniform,0,48.49742261192856
False,,13.030446500008111,1,2000,none,3,1.0,[[0 0]],31,True,147,uniform,0,48.49742261192856
False,,13.053657042008126,1,2000,none,3,1.0,[[0 0]],33,True,147,uniform,0,48.49742261192856
False,,13.027773333000368,1,2000,none,3,1.0,[[0 0]],35,True,147,uniform,0,48.49742261192856
False,,12.962355541996658,1,2000,none,3,1.0,[[0 0]],37,True,147,uniform,0,48.49742261192856
False,,12.834005541997612,1,2000,none,3,1.0,[[0 0]],39,True,147,uniform,0,48.49742261192856
False,,12.826808917001472,1,2000,none,3,1.0,[[0 0]],41,True,147,uniform,0,48.49742261192856
False,,12.814185291994363,1,2000,none,3,1.0,[[0 0]],43,True,147,uniform,0,48.49742261192856
False,,12.838598000002094,1,2000,none,3,1.0,[[0 0]],45,True,147,uniform,0,48.49742261192856
False,,12.808487125003012,1,2000,none,3,1.0,[[0 0]],47,True,147,uniform,0,48.49742261192856
False,,12.799128917002236,1,2000,none,3,1.0,[[0 0]],49,True,147,uniform,0,48.49742261192856
False,,12.836185207997914,1,2000,none,3,1.0,[[0 0]],51,True,147,uniform,0,48.49742261192856
False,,12.821241833997192,1,2000,none,3,1.0,[[0 0]],53,True,147,uniform,0,48.49742261192856
False,,12.792615625003236,1,2000,none,3,1.0,[[0 0]],55,True,147,uniform,0,48.49742261192856
False,,12.80995654099388,1,2000,none,3,1.0,[[0 0]],57,True,147,uniform,0,48.49742261192856
False,,12.807581999994,1,2000,none,3,1.0,[[0 0]],59,True,147,uniform,0,48.49742261192856
False,,12.808600624994142,1,2000,none,3,1.0,[[0 0]],61,True,147,uniform,0,48.49742261192856
False,,12.802235249997466,1,2000,none,3,1.0,[[0 0]],63,True,147,uniform,0,48.49742261192856
False,,12.832571374994586,1,2000,none,3,1.0,[[0 0]],65,True,147,uniform,0,48.49742261192856
False,,12.870487000007415,1,2000,none,3,1.0,[[0 0]],67,True,147,uniform,0,48.49742261192856
False,,12.829553458999726,1,2000,none,3,1.0,[[0 0]],69,True,147,uniform,0,48.49742261192856
False,,12.817443124993588,1,2000,none,3,1.0,[[0 0]],71,True,147,uniform,0,48.49742261192856
False,,12.799635208008112,1,2000,none,3,1.0,[[0 0]],73,True,147,uniform,0,48.49742261192856
False,,12.84506429200701,1,2000,none,3,1.0,[[0 0]],75,True,147,uniform,0,48.49742261192856
False,,12.811230791005073,1,2000,none,3,1.0,[[0 0]],77,True,147,uniform,0,48.49742261192856
True,466.0,0.08766445799847133,1,2000,none,3,1.0,[[0 0]],1,True,2,uniform,1,5.656854249492381
True,1338.0,0.5418210420029936,1,2000,none,3,1.0,[[0 0]],1,True,7,uniform,1,10.583005244258363
True,933.0,0.36126595799578354,1,2000,none,3,1.0,[[0 0]],3,True,7,uniform,1,10.583005244258363
True,1952.0,1.2041789170034463,1,2000,none,3,1.0,[[0 0]],1,True,12,uniform,1,13.856406460551018
False,,1.2144579160085414,1,2000,none,3,1.0,[[0 0]],3,True,12,uniform,1,13.856406460551018
True,1650.0,0.9916423749964451,1,2000,none,3,1.0,[[0 0]],5,True,12,uniform,1,13.856406460551018
False,,1.5466696249932284,1,2000,none,3,1.0,[[0 0]],1,True,17,uniform,1,16.492422502470642
False,,1.5413851250050357,1,2000,none,3,1.0,[[0 0]],3,True,17,uniform,1,16.492422502470642
False,,1.5471334160101833,1,2000,none,3,1.0,[[0 0]],5,True,17,uniform,1,16.492422502470642
False,,1.5618976250116248,1,2000,none,3,1.0,[[0 0]],7,True,17,uniform,1,16.492422502470642
False,,1.538677499993355,1,2000,none,3,1.0,[[0 0]],9,True,17,uniform,1,16.492422502470642
False,,2.005989416007651,1,2000,none,3,1.0,[[0 0]],1,True,22,uniform,1,18.76166303929372
False,,1.9630094169988297,1,2000,none,3,1.0,[[0 0]],3,True,22,uniform,1,18.76166303929372
False,,2.006092499999795,1,2000,none,3,1.0,[[0 0]],5,True,22,uniform,1,18.76166303929372
False,,1.9854163330019219,1,2000,none,3,1.0,[[0 0]],7,True,22,uniform,1,18.76166303929372
False,,1.967620707990136,1,2000,none,3,1.0,[[0 0]],9,True,22,uniform,1,18.76166303929372
False,,1.9913584999885643,1,2000,none,3,1.0,[[0 0]],11,True,22,uniform,1,18.76166303929372
False,,2.4988761249987874,1,2000,none,3,1.0,[[0 0]],1,True,27,uniform,1,20.784609690826528
False,,2.4783402089960873,1,2000,none,3,1.0,[[0 0]],3,True,27,uniform,1,20.784609690826528
False,,2.4625477500085253,1,2000,none,3,1.0,[[0 0]],5,True,27,uniform,1,20.784609690826528
False,,2.457994458003668,1,2000,none,3,1.0,[[0 0]],7,True,27,uniform,1,20.784609690826528
False,,2.4585220830049366,1,2000,none,3,1.0,[[0 0]],9,True,27,uniform,1,20.784609690826528
False,,2.466213625011733,1,2000,none,3,1.0,[[0 0]],11,True,27,uniform,1,20.784609690826528
False,,2.456558166013565,1,2000,none,3,1.0,[[0 0]],13,True,27,uniform,1,20.784609690826528
False,,2.9331078749964945,1,2000,none,3,1.0,[[0 0]],1,True,32,uniform,1,22.627416997969522
False,,2.910881458010408,1,2000,none,3,1.0,[[0 0]],3,True,32,uniform,1,22.627416997969522
False,,2.906092916004127,1,2000,none,3,1.0,[[0 0]],5,True,32,uniform,1,22.627416997969522
False,,2.9367426660028286,1,2000,none,3,1.0,[[0 0]],7,True,32,uniform,1,22.627416997969522
False,,2.918267334011034,1,2000,none,3,1.0,[[0 0]],9,True,32,uniform,1,22.627416997969522
False,,2.9153703329939162,1,2000,none,3,1.0,[[0 0]],11,True,32,uniform,1,22.627416997969522
False,,2.9170636250055395,1,2000,none,3,1.0,[[0 0]],13,True,32,uniform,1,22.627416997969522
False,,2.928938666009344,1,2000,none,3,1.0,[[0 0]],15,True,32,uniform,1,22.627416997969522
False,,3.343647040994256,1,2000,none,3,1.0,[[0 0]],1,True,37,uniform,1,24.331050121192877
False,,3.290931665993412,1,2000,none,3,1.0,[[0 0]],3,True,37,uniform,1,24.331050121192877
False,,3.3278544579952722,1,2000,none,3,1.0,[[0 0]],5,True,37,uniform,1,24.331050121192877
False,,3.2939205419970676,1,2000,none,3,1.0,[[0 0]],7,True,37,uniform,1,24.331050121192877
False,,3.2543889579974348,1,2000,none,3,1.0,[[0 0]],9,True,37,uniform,1,24.331050121192877
False,,3.284118709008908,1,2000,none,3,1.0,[[0 0]],11,True,37,uniform,1,24.331050121192877
False,,3.2424034160067094,1,2000,none,3,1.0,[[0 0]],13,True,37,uniform,1,24.331050121192877
False,,3.2419171670044307,1,2000,none,3,1.0,[[0 0]],15,True,37,uniform,1,24.331050121192877
False,,3.22340712499863,1,2000,none,3,1.0,[[0 0]],17,True,37,uniform,1,24.331050121192877
False,,3.2406239160045516,1,2000,none,3,1.0,[[0 0]],19,True,37,uniform,1,24.331050121192877
False,,3.821900334005477,1,2000,none,3,1.0,[[0 0]],1,True,42,uniform,1,25.92296279363144
False,,3.7949815839965595,1,2000,none,3,1.0,[[0 0]],3,True,42,uniform,1,25.92296279363144
False,,3.759052374996827,1,2000,none,3,1.0,[[0 0]],5,True,42,uniform,1,25.92296279363144
False,,3.7726196669973433,1,2000,none,3,1.0,[[0 0]],7,True,42,uniform,1,25.92296279363144
False,,3.697045250009978,1,2000,none,3,1.0,[[0 0]],9,True,42,uniform,1,25.92296279363144
False,,3.7510018329921877,1,2000,none,3,1.0,[[0 0]],11,True,42,uniform,1,25.92296279363144
False,,3.6935139580018586,1,2000,none,3,1.0,[[0 0]],13,True,42,uniform,1,25.92296279363144
False,,3.6860042499902193,1,2000,none,3,1.0,[[0 0]],15,True,42,uniform,1,25.92296279363144
False,,3.6350700420007342,1,2000,none,3,1.0,[[0 0]],17,True,42,uniform,1,25.92296279363144
False,,3.6581034169939812,1,2000,none,3,1.0,[[0 0]],19,True,42,uniform,1,25.92296279363144
False,,3.6660295829933602,1,2000,none,3,1.0,[[0 0]],21,True,42,uniform,1,25.92296279363144
False,,4.288938874989981,1,2000,none,3,1.0,[[0 0]],1,True,47,uniform,1,27.422618401604176
False,,4.197169916995335,1,2000,none,3,1.0,[[0 0]],3,True,47,uniform,1,27.422618401604176
False,,4.153772332996596,1,2000,none,3,1.0,[[0 0]],5,True,47,uniform,1,27.422618401604176
False,,4.153119041991886,1,2000,none,3,1.0,[[0 0]],7,True,47,uniform,1,27.422618401604176
False,,4.128254249997553,1,2000,none,3,1.0,[[0 0]],9,True,47,uniform,1,27.422618401604176
False,,4.156106582988286,1,2000,none,3,1.0,[[0 0]],11,True,47,uniform,1,27.422618401604176
False,,4.145791832997929,1,2000,none,3,1.0,[[0 0]],13,True,47,uniform,1,27.422618401604176
False,,4.118840249997447,1,2000,none,3,1.0,[[0 0]],15,True,47,uniform,1,27.422618401604176
False,,4.113444750008057,1,2000,none,3,1.0,[[0 0]],17,True,47,uniform,1,27.422618401604176
False,,4.122399999992922,1,2000,none,3,1.0,[[0 0]],19,True,47,uniform,1,27.422618401604176
False,,4.1090852089982945,1,2000,none,3,1.0,[[0 0]],21,True,47,uniform,1,27.422618401604176
False,,4.1226683749991935,1,2000,none,3,1.0,[[0 0]],23,True,47,uniform,1,27.422618401604176
False,,4.703488208993804,1,2000,none,3,1.0,[[0 0]],1,True,52,uniform,1,28.844410203711913
False,,4.642050834008842,1,2000,none,3,1.0,[[0 0]],3,True,52,uniform,1,28.844410203711913
False,,4.6114198330033105,1,2000,none,3,1.0,[[0 0]],5,True,52,uniform,1,28.844410203711913
False,,4.582293207990006,1,2000,none,3,1.0,[[0 0]],7,True,52,uniform,1,28.844410203711913
False,,4.602568457994494,1,2000,none,3,1.0,[[0 0]],9,True,52,uniform,1,28.844410203711913
False,,4.56323300000804,1,2000,none,3,1.0,[[0 0]],11,True,52,uniform,1,28.844410203711913
False,,4.586450374990818,1,2000,none,3,1.0,[[0 0]],13,True,52,uniform,1,28.844410203711913
False,,4.58251766700414,1,2000,none,3,1.0,[[0 0]],15,True,52,uniform,1,28.844410203711913
False,,4.554858791001607,1,2000,none,3,1.0,[[0 0]],17,True,52,uniform,1,28.844410203711913
False,,4.494099667004775,1,2000,none,3,1.0,[[0 0]],19,True,52,uniform,1,28.844410203711913
False,,4.488348500002758,1,2000,none,3,1.0,[[0 0]],21,True,52,uniform,1,28.844410203711913
False,,4.49848816699523,1,2000,none,3,1.0,[[0 0]],23,True,52,uniform,1,28.844410203711913
False,,4.4992257919948315,1,2000,none,3,1.0,[[0 0]],25,True,52,uniform,1,28.844410203711913
False,,4.4979948750115,1,2000,none,3,1.0,[[0 0]],27,True,52,uniform,1,28.844410203711913
False,,5.160960207998869,1,2000,none,3,1.0,[[0 0]],1,True,57,uniform,1,30.199337741083
False,,5.106437832990196,1,2000,none,3,1.0,[[0 0]],3,True,57,uniform,1,30.199337741083
False,,5.0848026250023395,1,2000,none,3,1.0,[[0 0]],5,True,57,uniform,1,30.199337741083
False,,5.047708582991618,1,2000,none,3,1.0,[[0 0]],7,True,57,uniform,1,30.199337741083
False,,5.0738865839957725,1,2000,none,3,1.0,[[0 0]],9,True,57,uniform,1,30.199337741083
False,,5.060275833006017,1,2000,none,3,1.0,[[0 0]],11,True,57,uniform,1,30.199337741083
False,,5.031469292007387,1,2000,none,3,1.0,[[0 0]],13,True,57,uniform,1,30.199337741083
False,,5.009566207998432,1,2000,none,3,1.0,[[0 0]],15,True,57,uniform,1,30.199337741083
False,,5.067586582998047,1,2000,none,3,1.0,[[0 0]],17,True,57,uniform,1,30.199337741083
False,,5.021140040989849,1,2000,none,3,1.0,[[0 0]],19,True,57,uniform,1,30.199337741083
False,,5.021928624992142,1,2000,none,3,1.0,[[0 0]],21,True,57,uniform,1,30.199337741083
False,,5.031691791999037,1,2000,none,3,1.0,[[0 0]],23,True,57,uniform,1,30.199337741083
False,,5.021257542000967,1,2000,none,3,1.0,[[0 0]],25,True,57,uniform,1,30.199337741083
False,,5.018836457995349,1,2000,none,3,1.0,[[0 0]],27,True,57,uniform,1,30.199337741083
False,,4.987172292007017,1,2000,none,3,1.0,[[0 0]],29,True,57,uniform,1,30.199337741083
False,,5.669933459008462,1,2000,none,3,1.0,[[0 0]],1,True,62,uniform,1,31.496031496047245
False,,5.582564249998541,1,2000,none,3,1.0,[[0 0]],3,True,62,uniform,1,31.496031496047245
False,,5.524113958002999,1,2000,none,3,1.0,[[0 0]],5,True,62,uniform,1,31.496031496047245
False,,5.4777634579950245,1,2000,none,3,1.0,[[0 0]],7,True,62,uniform,1,31.496031496047245
False,,5.47133433300769,1,2000,none,3,1.0,[[0 0]],9,True,62,uniform,1,31.496031496047245
False,,5.4435128750046715,1,2000,none,3,1.0,[[0 0]],11,True,62,uniform,1,31.496031496047245
False,,5.447007583003142,1,2000,none,3,1.0,[[0 0]],13,True,62,uniform,1,31.496031496047245
False,,5.400892125006067,1,2000,none,3,1.0,[[0 0]],15,True,62,uniform,1,31.496031496047245
False,,5.389288709004177,1,2000,none,3,1.0,[[0 0]],17,True,62,uniform,1,31.496031496047245
False,,5.411054167008842,1,2000,none,3,1.0,[[0 0]],19,True,62,uniform,1,31.496031496047245
False,,5.414762915999745,1,2000,none,3,1.0,[[0 0]],21,True,62,uniform,1,31.496031496047245
False,,5.380474500008859,1,2000,none,3,1.0,[[0 0]],23,True,62,uniform,1,31.496031496047245
False,,5.405380292009795,1,2000,none,3,1.0,[[0 0]],25,True,62,uniform,1,31.496031496047245
False,,5.411946499996702,1,2000,none,3,1.0,[[0 0]],27,True,62,uniform,1,31.496031496047245
False,,5.4013132079999195,1,2000,none,3,1.0,[[0 0]],29,True,62,uniform,1,31.496031496047245
False,,5.398898583007394,1,2000,none,3,1.0,[[0 0]],31,True,62,uniform,1,31.496031496047245
False,,6.053617375000613,1,2000,none,3,1.0,[[0 0]],1,True,67,uniform,1,32.7414110874898
False,,6.050871333005489,1,2000,none,3,1.0,[[0 0]],3,True,67,uniform,1,32.7414110874898
False,,5.962649459004751,1,2000,none,3,1.0,[[0 0]],5,True,67,uniform,1,32.7414110874898
False,,5.8634767920011654,1,2000,none,3,1.0,[[0 0]],7,True,67,uniform,1,32.7414110874898
False,,5.898444082995411,1,2000,none,3,1.0,[[0 0]],9,True,67,uniform,1,32.7414110874898
False,,5.880688334000297,1,2000,none,3,1.0,[[0 0]],11,True,67,uniform,1,32.7414110874898
False,,5.832339625005261,1,2000,none,3,1.0,[[0 0]],13,True,67,uniform,1,32.7414110874898
False,,5.882471374992747,1,2000,none,3,1.0,[[0 0]],15,True,67,uniform,1,32.7414110874898
False,,5.858695750008337,1,2000,none,3,1.0,[[0 0]],17,True,67,uniform,1,32.7414110874898
False,,5.847721833008109,1,2000,none,3,1.0,[[0 0]],19,True,67,uniform,1,32.7414110874898
False,,5.835180333000608,1,2000,none,3,1.0,[[0 0]],21,True,67,uniform,1,32.7414110874898
False,,5.847047249990283,1,2000,none,3,1.0,[[0 0]],23,True,67,uniform,1,32.7414110874898
False,,5.84343983400322,1,2000,none,3,1.0,[[0 0]],25,True,67,uniform,1,32.7414110874898
False,,5.869612834008876,1,2000,none,3,1.0,[[0 0]],27,True,67,uniform,1,32.7414110874898
False,,5.848254791999352,1,2000,none,3,1.0,[[0 0]],29,True,67,uniform,1,32.7414110874898
False,,5.8497816669987515,1,2000,none,3,1.0,[[0 0]],31,True,67,uniform,1,32.7414110874898
False,,5.849620832988876,1,2000,none,3,1.0,[[0 0]],33,True,67,uniform,1,32.7414110874898
False,,5.850183834001655,1,2000,none,3,1.0,[[0 0]],35,True,67,uniform,1,32.7414110874898
False,,6.593491291991086,1,2000,none,3,1.0,[[0 0]],1,True,72,uniform,1,33.94112549695428
False,,6.507630667008925,1,2000,none,3,1.0,[[0 0]],3,True,72,uniform,1,33.94112549695428
False,,6.429169583003386,1,2000,none,3,1.0,[[0 0]],5,True,72,uniform,1,33.94112549695428
False,,6.340569250009139,1,2000,none,3,1.0,[[0 0]],7,True,72,uniform,1,33.94112549695428
False,,6.370842542004539,1,2000,none,3,1.0,[[0 0]],9,True,72,uniform,1,33.94112549695428
False,,6.321360541987815,1,2000,none,3,1.0,[[0 0]],11,True,72,uniform,1,33.94112549695428
False,,6.282204333998379,1,2000,none,3,1.0,[[0 0]],13,True,72,uniform,1,33.94112549695428
False,,6.292516000001342,1,2000,none,3,1.0,[[0 0]],15,True,72,uniform,1,33.94112549695428
False,,6.254135292008868,1,2000,none,3,1.0,[[0 0]],17,True,72,uniform,1,33.94112549695428
False,,6.261396125002648,1,2000,none,3,1.0,[[0 0]],19,True,72,uniform,1,33.94112549695428
False,,6.233344042004319,1,2000,none,3,1.0,[[0 0]],21,True,72,uniform,1,33.94112549695428
False,,6.281111124990275,1,2000,none,3,1.0,[[0 0]],23,True,72,uniform,1,33.94112549695428
False,,6.262833374988986,1,2000,none,3,1.0,[[0 0]],25,True,72,uniform,1,33.94112549695428
False,,6.2886838340054965,1,2000,none,3,1.0,[[0 0]],27,True,72,uniform,1,33.94112549695428
False,,6.270283292004024,1,2000,none,3,1.0,[[0 0]],29,True,72,uniform,1,33.94112549695428
False,,6.287306333993911,1,2000,none,3,1.0,[[0 0]],31,True,72,uniform,1,33.94112549695428
False,,6.263903416998801,1,2000,none,3,1.0,[[0 0]],33,True,72,uniform,1,33.94112549695428
False,,6.298272250001901,1,2000,none,3,1.0,[[0 0]],35,True,72,uniform,1,33.94112549695428
False,,6.257231916999444,1,2000,none,3,1.0,[[0 0]],37,True,72,uniform,1,33.94112549695428
False,,7.058099249989027,1,2000,none,3,1.0,[[0 0]],1,True,77,uniform,1,35.09985754956849
False,,6.975488458992913,1,2000,none,3,1.0,[[0 0]],3,True,77,uniform,1,35.09985754956849
False,,6.980392541998299,1,2000,none,3,1.0,[[0 0]],5,True,77,uniform,1,35.09985754956849
False,,6.895844999991823,1,2000,none,3,1.0,[[0 0]],7,True,77,uniform,1,35.09985754956849
False,,6.919028791991877,1,2000,none,3,1.0,[[0 0]],9,True,77,uniform,1,35.09985754956849
False,,6.879081875013071,1,2000,none,3,1.0,[[0 0]],11,True,77,uniform,1,35.09985754956849
False,,6.8864623330009636,1,2000,none,3,1.0,[[0 0]],13,True,77,uniform,1,35.09985754956849
False,,6.842471124997246,1,2000,none,3,1.0,[[0 0]],15,True,77,uniform,1,35.09985754956849
False,,6.843660833008471,1,2000,none,3,1.0,[[0 0]],17,True,77,uniform,1,35.09985754956849
False,,6.810951584004215,1,2000,none,3,1.0,[[0 0]],19,True,77,uniform,1,35.09985754956849
False,,6.809395832999144,1,2000,none,3,1.0,[[0 0]],21,True,77,uniform,1,35.09985754956849
False,,6.807101416998194,1,2000,none,3,1.0,[[0 0]],23,True,77,uniform,1,35.09985754956849
False,,6.799036583004636,1,2000,none,3,1.0,[[0 0]],25,True,77,uniform,1,35.09985754956849
False,,6.838923165996675,1,2000,none,3,1.0,[[0 0]],27,True,77,uniform,1,35.09985754956849
False,,6.808203166001476,1,2000,none,3,1.0,[[0 0]],29,True,77,uniform,1,35.09985754956849
False,,6.726030207995791,1,2000,none,3,1.0,[[0 0]],31,True,77,uniform,1,35.09985754956849
False,,6.721261874990887,1,2000,none,3,1.0,[[0 0]],33,True,77,uniform,1,35.09985754956849
False,,6.753600165990065,1,2000,none,3,1.0,[[0 0]],35,True,77,uniform,1,35.09985754956849
False,,6.745142166997539,1,2000,none,3,1.0,[[0 0]],37,True,77,uniform,1,35.09985754956849
False,,6.71155333299248,1,2000,none,3,1.0,[[0 0]],39,True,77,uniform,1,35.09985754956849
False,,7.458519833002356,1,2000,none,3,1.0,[[0 0]],1,True,82,uniform,1,36.22154055254967
False,,7.402791792002972,1,2000,none,3,1.0,[[0 0]],3,True,82,uniform,1,36.22154055254967
False,,7.350231375006842,1,2000,none,3,1.0,[[0 0]],5,True,82,uniform,1,36.22154055254967
False,,7.313647250004578,1,2000,none,3,1.0,[[0 0]],7,True,82,uniform,1,36.22154055254967
False,,7.283278832997894,1,2000,none,3,1.0,[[0 0]],9,True,82,uniform,1,36.22154055254967
False,,7.287905333010713,1,2000,none,3,1.0,[[0 0]],11,True,82,uniform,1,36.22154055254967
False,,7.299433958993177,1,2000,none,3,1.0,[[0 0]],13,True,82,uniform,1,36.22154055254967
False,,7.274615166999865,1,2000,none,3,1.0,[[0 0]],15,True,82,uniform,1,36.22154055254967
False,,7.259447124990402,1,2000,none,3,1.0,[[0 0]],17,True,82,uniform,1,36.22154055254967
False,,7.2876714169979095,1,2000,none,3,1.0,[[0 0]],19,True,82,uniform,1,36.22154055254967
False,,7.269011708005564,1,2000,none,3,1.0,[[0 0]],21,True,82,uniform,1,36.22154055254967
False,,7.266402124994784,1,2000,none,3,1.0,[[0 0]],23,True,82,uniform,1,36.22154055254967
False,,7.244795792008517,1,2000,none,3,1.0,[[0 0]],25,True,82,uniform,1,36.22154055254967
False,,7.21493879200716,1,2000,none,3,1.0,[[0 0]],27,True,82,uniform,1,36.22154055254967
False,,7.184762999997474,1,2000,none,3,1.0,[[0 0]],29,True,82,uniform,1,36.22154055254967
False,,7.1911674159928225,1,2000,none,3,1.0,[[0 0]],31,True,82,uniform,1,36.22154055254967
False,,7.183802542000194,1,2000,none,3,1.0,[[0 0]],33,True,82,uniform,1,36.22154055254967
False,,7.171421834005741,1,2000,none,3,1.0,[[0 0]],35,True,82,uniform,1,36.22154055254967
False,,7.190737416996853,1,2000,none,3,1.0,[[0 0]],37,True,82,uniform,1,36.22154055254967
False,,7.167990792004275,1,2000,none,3,1.0,[[0 0]],39,True,82,uniform,1,36.22154055254967
False,,7.152466915998957,1,2000,none,3,1.0,[[0 0]],41,True,82,uniform,1,36.22154055254967
False,,7.161783167000976,1,2000,none,3,1.0,[[0 0]],43,True,82,uniform,1,36.22154055254967
False,,7.977000999992015,1,2000,none,3,1.0,[[0 0]],1,True,87,uniform,1,37.30951621235526
False,,7.918309125001542,1,2000,none,3,1.0,[[0 0]],3,True,87,uniform,1,37.30951621235526
False,,7.894900667000911,1,2000,none,3,1.0,[[0 0]],5,True,87,uniform,1,37.30951621235526
False,,7.838120082989917,1,2000,none,3,1.0,[[0 0]],7,True,87,uniform,1,37.30951621235526
False,,7.775365082998178,1,2000,none,3,1.0,[[0 0]],9,True,87,uniform,1,37.30951621235526
False,,7.762083707988495,1,2000,none,3,1.0,[[0 0]],11,True,87,uniform,1,37.30951621235526
False,,7.803263958005118,1,2000,none,3,1.0,[[0 0]],13,True,87,uniform,1,37.30951621235526
False,,7.725632458998007,1,2000,none,3,1.0,[[0 0]],15,True,87,uniform,1,37.30951621235526
False,,7.755069457998616,1,2000,none,3,1.0,[[0 0]],17,True,87,uniform,1,37.30951621235526
False,,7.727402792006615,1,2000,none,3,1.0,[[0 0]],19,True,87,uniform,1,37.30951621235526
False,,7.766900832997635,1,2000,none,3,1.0,[[0 0]],21,True,87,uniform,1,37.30951621235526
False,,7.789712124998914,1,2000,none,3,1.0,[[0 0]],23,True,87,uniform,1,37.30951621235526
False,,7.753794082993409,1,2000,none,3,1.0,[[0 0]],25,True,87,uniform,1,37.30951621235526
False,,7.717320790994563,1,2000,none,3,1.0,[[0 0]],27,True,87,uniform,1,37.30951621235526
False,,7.664187624992337,1,2000,none,3,1.0,[[0 0]],29,True,87,uniform,1,37.30951621235526
False,,7.6444641669950215,1,2000,none,3,1.0,[[0 0]],31,True,87,uniform,1,37.30951621235526
False,,7.700861624995014,1,2000,none,3,1.0,[[0 0]],33,True,87,uniform,1,37.30951621235526
False,,7.655920042001526,1,2000,none,3,1.0,[[0 0]],35,True,87,uniform,1,37.30951621235526
False,,7.6707618340005865,1,2000,none,3,1.0,[[0 0]],37,True,87,uniform,1,37.30951621235526
False,,7.634688291000202,1,2000,none,3,1.0,[[0 0]],39,True,87,uniform,1,37.30951621235526
False,,7.637440709004295,1,2000,none,3,1.0,[[0 0]],41,True,87,uniform,1,37.30951621235526
False,,7.597828333993675,1,2000,none,3,1.0,[[0 0]],43,True,87,uniform,1,37.30951621235526
False,,7.5831171250029,1,2000,none,3,1.0,[[0 0]],45,True,87,uniform,1,37.30951621235526
False,,8.412683540998842,1,2000,none,3,1.0,[[0 0]],1,True,92,uniform,1,38.36665218650175
False,,8.340754999997444,1,2000,none,3,1.0,[[0 0]],3,True,92,uniform,1,38.36665218650175
False,,8.311396916993544,1,2000,none,3,1.0,[[0 0]],5,True,92,uniform,1,38.36665218650175
False,,8.285630832993775,1,2000,none,3,1.0,[[0 0]],7,True,92,uniform,1,38.36665218650175
False,,8.170196166000096,1,2000,none,3,1.0,[[0 0]],9,True,92,uniform,1,38.36665218650175
False,,8.229358708005748,1,2000,none,3,1.0,[[0 0]],11,True,92,uniform,1,38.36665218650175
False,,8.187312082998687,1,2000,none,3,1.0,[[0 0]],13,True,92,uniform,1,38.36665218650175
False,,8.137519666997832,1,2000,none,3,1.0,[[0 0]],15,True,92,uniform,1,38.36665218650175
False,,8.172108625003602,1,2000,none,3,1.0,[[0 0]],17,True,92,uniform,1,38.36665218650175
False,,8.16715049999766,1,2000,none,3,1.0,[[0 0]],19,True,92,uniform,1,38.36665218650175
False,,8.16647945799923,1,2000,none,3,1.0,[[0 0]],21,True,92,uniform,1,38.36665218650175
False,,8.024813417010591,1,2000,none,3,1.0,[[0 0]],23,True,92,uniform,1,38.36665218650175
False,,8.075426666997373,1,2000,none,3,1.0,[[0 0]],25,True,92,uniform,1,38.36665218650175
False,,8.09471408301033,1,2000,none,3,1.0,[[0 0]],27,True,92,uniform,1,38.36665218650175
False,,8.046852416999172,1,2000,none,3,1.0,[[0 0]],29,True,92,uniform,1,38.36665218650175
False,,8.043763624998974,1,2000,none,3,1.0,[[0 0]],31,True,92,uniform,1,38.36665218650175
False,,8.01286129100481,1,2000,none,3,1.0,[[0 0]],33,True,92,uniform,1,38.36665218650175
False,,7.986388582998188,1,2000,none,3,1.0,[[0 0]],35,True,92,uniform,1,38.36665218650175
False,,8.031278624999686,1,2000,none,3,1.0,[[0 0]],37,True,92,uniform,1,38.36665218650175
False,,8.017857999991975,1,2000,none,3,1.0,[[0 0]],39,True,92,uniform,1,38.36665218650175
False,,7.994547625014093,1,2000,none,3,1.0,[[0 0]],41,True,92,uniform,1,38.36665218650175
False,,7.987531999999192,1,2000,none,3,1.0,[[0 0]],43,True,92,uniform,1,38.36665218650175
False,,7.982072124999831,1,2000,none,3,1.0,[[0 0]],45,True,92,uniform,1,38.36665218650175
False,,8.037102750007762,1,2000,none,3,1.0,[[0 0]],47,True,92,uniform,1,38.36665218650175
False,,8.864517374997376,1,2000,none,3,1.0,[[0 0]],1,True,97,uniform,1,39.395431207184416
False,,8.794692542011035,1,2000,none,3,1.0,[[0 0]],3,True,97,uniform,1,39.395431207184416
False,,8.727454583000508,1,2000,none,3,1.0,[[0 0]],5,True,97,uniform,1,39.395431207184416
False,,8.649672917003045,1,2000,none,3,1.0,[[0 0]],7,True,97,uniform,1,39.395431207184416
False,,8.63322404200153,1,2000,none,3,1.0,[[0 0]],9,True,97,uniform,1,39.395431207184416
False,,8.61024554100004,1,2000,none,3,1.0,[[0 0]],11,True,97,uniform,1,39.395431207184416
False,,8.611013917005039,1,2000,none,3,1.0,[[0 0]],13,True,97,uniform,1,39.395431207184416
False,,8.632075583009282,1,2000,none,3,1.0,[[0 0]],15,True,97,uniform,1,39.395431207184416
False,,8.642704915997456,1,2000,none,3,1.0,[[0 0]],17,True,97,uniform,1,39.395431207184416
False,,8.6677394159924,1,2000,none,3,1.0,[[0 0]],19,True,97,uniform,1,39.395431207184416
False,,8.619423166004708,1,2000,none,3,1.0,[[0 0]],21,True,97,uniform,1,39.395431207184416
False,,8.621381500008283,1,2000,none,3,1.0,[[0 0]],23,True,97,uniform,1,39.395431207184416
False,,8.623996875001467,1,2000,none,3,1.0,[[0 0]],25,True,97,uniform,1,39.395431207184416
False,,8.642300749997958,1,2000,none,3,1.0,[[0 0]],27,True,97,uniform,1,39.395431207184416
False,,8.591590500000166,1,2000,none,3,1.0,[[0 0]],29,True,97,uniform,1,39.395431207184416
False,,8.583027875007247,1,2000,none,3,1.0,[[0 0]],31,True,97,uniform,1,39.395431207184416
False,,8.488185083988355,1,2000,none,3,1.0,[[0 0]],33,True,97,uniform,1,39.395431207184416
False,,8.50843662499392,1,2000,none,3,1.0,[[0 0]],35,True,97,uniform,1,39.395431207184416
False,,8.478953666999587,1,2000,none,3,1.0,[[0 0]],37,True,97,uniform,1,39.395431207184416
False,,8.500319375001709,1,2000,none,3,1.0,[[0 0]],39,True,97,uniform,1,39.395431207184416
False,,9.675956625011167,1,2000,none,3,1.0,[[0 0]],41,True,97,uniform,1,39.395431207184416
False,,9.267500583009678,1,2000,none,3,1.0,[[0 0]],43,True,97,uniform,1,39.395431207184416
False,,9.974525249999715,1,2000,none,3,1.0,[[0 0]],45,True,97,uniform,1,39.395431207184416
False,,8.493319917004555,1,2000,none,3,1.0,[[0 0]],47,True,97,uniform,1,39.395431207184416
False,,8.565123958003824,1,2000,none,3,1.0,[[0 0]],49,True,97,uniform,1,39.395431207184416
False,,8.50556575000519,1,2000,none,3,1.0,[[0 0]],51,True,97,uniform,1,39.395431207184416
False,,9.373625374995754,1,2000,none,3,1.0,[[0 0]],1,True,102,uniform,1,40.39801975344831
False,,9.335898290999467,1,2000,none,3,1.0,[[0 0]],3,True,102,uniform,1,40.39801975344831
False,,9.25945379199402,1,2000,none,3,1.0,[[0 0]],5,True,102,uniform,1,40.39801975344831
False,,9.154388333001407,1,2000,none,3,1.0,[[0 0]],7,True,102,uniform,1,40.39801975344831
False,,9.131834832995082,1,2000,none,3,1.0,[[0 0]],9,True,102,uniform,1,40.39801975344831
False,,9.053395082999486,1,2000,none,3,1.0,[[0 0]],11,True,102,uniform,1,40.39801975344831
False,,9.04051520799112,1,2000,none,3,1.0,[[0 0]],13,True,102,uniform,1,40.39801975344831
False,,9.080998917008401,1,2000,none,3,1.0,[[0 0]],15,True,102,uniform,1,40.39801975344831
False,,9.053562792003504,1,2000,none,3,1.0,[[0 0]],17,True,102,uniform,1,40.39801975344831
False,,9.116346666996833,1,2000,none,3,1.0,[[0 0]],19,True,102,uniform,1,40.39801975344831
False,,9.08264212499489,1,2000,none,3,1.0,[[0 0]],21,True,102,uniform,1,40.39801975344831
False,,9.060397541994462,1,2000,none,3,1.0,[[0 0]],23,True,102,uniform,1,40.39801975344831
False,,9.109070416001487,1,2000,none,3,1.0,[[0 0]],25,True,102,uniform,1,40.39801975344831
False,,9.093086125008995,1,2000,none,3,1.0,[[0 0]],27,True,102,uniform,1,40.39801975344831
False,,9.090269374995842,1,2000,none,3,1.0,[[0 0]],29,True,102,uniform,1,40.39801975344831
False,,9.07270779099781,1,2000,none,3,1.0,[[0 0]],31,True,102,uniform,1,40.39801975344831
False,,9.044682749998174,1,2000,none,3,1.0,[[0 0]],33,True,102,uniform,1,40.39801975344831
False,,9.019418458992732,1,2000,none,3,1.0,[[0 0]],35,True,102,uniform,1,40.39801975344831
False,,9.050233875008416,1,2000,none,3,1.0,[[0 0]],37,True,102,uniform,1,40.39801975344831
False,,9.023184833000414,1,2000,none,3,1.0,[[0 0]],39,True,102,uniform,1,40.39801975344831
False,,9.069747957997606,1,2000,none,3,1.0,[[0 0]],41,True,102,uniform,1,40.39801975344831
False,,8.98633487499319,1,2000,none,3,1.0,[[0 0]],43,True,102,uniform,1,40.39801975344831
False,,8.942748542001937,1,2000,none,3,1.0,[[0 0]],45,True,102,uniform,1,40.39801975344831
False,,8.853158832993358,1,2000,none,3,1.0,[[0 0]],47,True,102,uniform,1,40.39801975344831
False,,8.858352541006752,1,2000,none,3,1.0,[[0 0]],49,True,102,uniform,1,40.39801975344831
False,,8.83552733399847,1,2000,none,3,1.0,[[0 0]],51,True,102,uniform,1,40.39801975344831
False,,8.864077625010395,1,2000,none,3,1.0,[[0 0]],53,True,102,uniform,1,40.39801975344831
False,,9.846060708994628,1,2000,none,3,1.0,[[0 0]],1,True,107,uniform,1,41.376321731154405
False,,9.802747000008821,1,2000,none,3,1.0,[[0 0]],3,True,107,uniform,1,41.376321731154405
False,,9.739220041999943,1,2000,none,3,1.0,[[0 0]],5,True,107,uniform,1,41.376321731154405
False,,9.677400667002075,1,2000,none,3,1.0,[[0 0]],7,True,107,uniform,1,41.376321731154405
False,,9.591644500003895,1,2000,none,3,1.0,[[0 0]],9,True,107,uniform,1,41.376321731154405
False,,9.584799082993413,1,2000,none,3,1.0,[[0 0]],11,True,107,uniform,1,41.376321731154405
False,,9.52634962501179,1,2000,none,3,1.0,[[0 0]],13,True,107,uniform,1,41.376321731154405
False,,9.501446333990316,1,2000,none,3,1.0,[[0 0]],15,True,107,uniform,1,41.376321731154405
False,,9.523018666994176,1,2000,none,3,1.0,[[0 0]],17,True,107,uniform,1,41.376321731154405
False,,9.472982375009451,1,2000,none,3,1.0,[[0 0]],19,True,107,uniform,1,41.376321731154405
False,,9.482593374996213,1,2000,none,3,1.0,[[0 0]],21,True,107,uniform,1,41.376321731154405
False,,9.532245459005935,1,2000,none,3,1.0,[[0 0]],23,True,107,uniform,1,41.376321731154405
False,,9.490759417007212,1,2000,none,3,1.0,[[0 0]],25,True,107,uniform,1,41.376321731154405
False,,9.513072916000965,1,2000,none,3,1.0,[[0 0]],27,True,107,uniform,1,41.376321731154405
False,,9.499978291001753,1,2000,none,3,1.0,[[0 0]],29,True,107,uniform,1,41.376321731154405
False,,9.452796583005693,1,2000,none,3,1.0,[[0 0]],31,True,107,uniform,1,41.376321731154405
False,,9.480441375009832,1,2000,none,3,1.0,[[0 0]],33,True,107,uniform,1,41.376321731154405
False,,9.479117332986789,1,2000,none,3,1.0,[[0 0]],35,True,107,uniform,1,41.376321731154405
False,,9.382152250007493,1,2000,none,3,1.0,[[0 0]],37,True,107,uniform,1,41.376321731154405
False,,9.455591249992722,1,2000,none,3,1.0,[[0 0]],39,True,107,uniform,1,41.376321731154405
False,,9.327848916989751,1,2000,none,3,1.0,[[0 0]],41,True,107,uniform,1,41.376321731154405
False,,9.336727084009908,1,2000,none,3,1.0,[[0 0]],43,True,107,uniform,1,41.376321731154405
False,,9.33003629099403,1,2000,none,3,1.0,[[0 0]],45,True,107,uniform,1,41.376321731154405
False,,9.322619375001523,1,2000,none,3,1.0,[[0 0]],47,True,107,uniform,1,41.376321731154405
False,,9.322541916000773,1,2000,none,3,1.0,[[0 0]],49,True,107,uniform,1,41.376321731154405
False,,9.365243207997992,1,2000,none,3,1.0,[[0 0]],51,True,107,uniform,1,41.376321731154405
False,,9.294188208994456,1,2000,none,3,1.0,[[0 0]],53,True,107,uniform,1,41.376321731154405
False,,9.304356209002435,1,2000,none,3,1.0,[[0 0]],55,True,107,uniform,1,41.376321731154405
False,,10.298169291010709,1,2000,none,3,1.0,[[0 0]],1,True,112,uniform,1,42.33202097703345
False,,10.278554500007886,1,2000,none,3,1.0,[[0 0]],3,True,112,uniform,1,42.33202097703345
False,,10.120533958004671,1,2000,none,3,1.0,[[0 0]],5,True,112,uniform,1,42.33202097703345
False,,10.061657833997742,1,2000,none,3,1.0,[[0 0]],7,True,112,uniform,1,42.33202097703345
False,,10.01126466599817,1,2000,none,3,1.0,[[0 0]],9,True,112,uniform,1,42.33202097703345
False,,9.991371999989497,1,2000,none,3,1.0,[[0 0]],11,True,112,uniform,1,42.33202097703345
False,,9.995891875005327,1,2000,none,3,1.0,[[0 0]],13,True,112,uniform,1,42.33202097703345
False,,10.017267584000365,1,2000,none,3,1.0,[[0 0]],15,True,112,uniform,1,42.33202097703345
False,,9.954323082987685,1,2000,none,3,1.0,[[0 0]],17,True,112,uniform,1,42.33202097703345
False,,9.90478370799974,1,2000,none,3,1.0,[[0 0]],19,True,112,uniform,1,42.33202097703345
False,,9.92876820800302,1,2000,none,3,1.0,[[0 0]],21,True,112,uniform,1,42.33202097703345
False,,9.87172525000642,1,2000,none,3,1.0,[[0 0]],23,True,112,uniform,1,42.33202097703345
False,,9.947695625000051,1,2000,none,3,1.0,[[0 0]],25,True,112,uniform,1,42.33202097703345
False,,9.883710249996511,1,2000,none,3,1.0,[[0 0]],27,True,112,uniform,1,42.33202097703345
False,,9.75803700000688,1,2000,none,3,1.0,[[0 0]],29,True,112,uniform,1,42.33202097703345
False,,9.801386958002695,1,2000,none,3,1.0,[[0 0]],31,True,112,uniform,1,42.33202097703345
False,,9.818921750003938,1,2000,none,3,1.0,[[0 0]],33,True,112,uniform,1,42.33202097703345
False,,9.770388875011122,1,2000,none,3,1.0,[[0 0]],35,True,112,uniform,1,42.33202097703345
False,,9.768833292007912,1,2000,none,3,1.0,[[0 0]],37,True,112,uniform,1,42.33202097703345
False,,9.746966499995324,1,2000,none,3,1.0,[[0 0]],39,True,112,uniform,1,42.33202097703345
False,,9.737450415996136,1,2000,none,3,1.0,[[0 0]],41,True,112,uniform,1,42.33202097703345
False,,9.7284822500078,1,2000,none,3,1.0,[[0 0]],43,True,112,uniform,1,42.33202097703345
False,,9.696153999990202,1,2000,none,3,1.0,[[0 0]],45,True,112,uniform,1,42.33202097703345
False,,9.723324374994263,1,2000,none,3,1.0,[[0 0]],47,True,112,uniform,1,42.33202097703345
False,,9.736353165993933,1,2000,none,3,1.0,[[0 0]],49,True,112,uniform,1,42.33202097703345
False,,9.713886541998363,1,2000,none,3,1.0,[[0 0]],51,True,112,uniform,1,42.33202097703345
False,,9.652916540988372,1,2000,none,3,1.0,[[0 0]],53,True,112,uniform,1,42.33202097703345
False,,9.707596457999898,1,2000,none,3,1.0,[[0 0]],55,True,112,uniform,1,42.33202097703345
False,,9.753822083002888,1,2000,none,3,1.0,[[0 0]],57,True,112,uniform,1,42.33202097703345
False,,9.65976458399382,1,2000,none,3,1.0,[[0 0]],59,True,112,uniform,1,42.33202097703345
False,,10.720046708011068,1,2000,none,3,1.0,[[0 0]],1,True,117,uniform,1,43.266615305567875
False,,10.664192124997498,1,2000,none,3,1.0,[[0 0]],3,True,117,uniform,1,43.266615305567875
False,,10.636806082999101,1,2000,none,3,1.0,[[0 0]],5,True,117,uniform,1,43.266615305567875
False,,10.546460415993351,1,2000,none,3,1.0,[[0 0]],7,True,117,uniform,1,43.266615305567875
False,,10.48912204199587,1,2000,none,3,1.0,[[0 0]],9,True,117,uniform,1,43.266615305567875
False,,10.464659042001585,1,2000,none,3,1.0,[[0 0]],11,True,117,uniform,1,43.266615305567875
False,,10.405107124999631,1,2000,none,3,1.0,[[0 0]],13,True,117,uniform,1,43.266615305567875
False,,10.32472937500279,1,2000,none,3,1.0,[[0 0]],15,True,117,uniform,1,43.266615305567875
False,,10.402351249998901,1,2000,none,3,1.0,[[0 0]],17,True,117,uniform,1,43.266615305567875
False,,10.364043667010264,1,2000,none,3,1.0,[[0 0]],19,True,117,uniform,1,43.266615305567875
False,,10.409199999994598,1,2000,none,3,1.0,[[0 0]],21,True,117,uniform,1,43.266615305567875
False,,10.355024916003458,1,2000,none,3,1.0,[[0 0]],23,True,117,uniform,1,43.266615305567875
False,,10.279908625001553,1,2000,none,3,1.0,[[0 0]],25,True,117,uniform,1,43.266615305567875
False,,10.324189207996824,1,2000,none,3,1.0,[[0 0]],27,True,117,uniform,1,43.266615305567875
False,,10.276977832996636,1,2000,none,3,1.0,[[0 0]],29,True,117,uniform,1,43.266615305567875
False,,10.28133495899965,1,2000,none,3,1.0,[[0 0]],31,True,117,uniform,1,43.266615305567875
False,,10.26848808300565,1,2000,none,3,1.0,[[0 0]],33,True,117,uniform,1,43.266615305567875
False,,10.176873999997042,1,2000,none,3,1.0,[[0 0]],35,True,117,uniform,1,43.266615305567875
False,,10.258023084010347,1,2000,none,3,1.0,[[0 0]],37,True,117,uniform,1,43.266615305567875
False,,10.033452290997957,1,2000,none,3,1.0,[[0 0]],39,True,117,uniform,1,43.266615305567875
False,,10.046843834003084,1,2000,none,3,1.0,[[0 0]],41,True,117,uniform,1,43.266615305567875
False,,10.02892095799325,1,2000,none,3,1.0,[[0 0]],43,True,117,uniform,1,43.266615305567875
False,,10.016767624998465,1,2000,none,3,1.0,[[0 0]],45,True,117,uniform,1,43.266615305567875
False,,9.987002084002597,1,2000,none,3,1.0,[[0 0]],47,True,117,uniform,1,43.266615305567875
False,,10.013387166996836,1,2000,none,3,1.0,[[0 0]],49,True,117,uniform,1,43.266615305567875
False,,10.023295165985473,1,2000,none,3,1.0,[[0 0]],51,True,117,uniform,1,43.266615305567875
False,,10.029086209004163,1,2000,none,3,1.0,[[0 0]],53,True,117,uniform,1,43.266615305567875
False,,10.101085165995755,1,2000,none,3,1.0,[[0 0]],55,True,117,uniform,1,43.266615305567875
False,,10.012566125005833,1,2000,none,3,1.0,[[0 0]],57,True,117,uniform,1,43.266615305567875
False,,10.004259833993274,1,2000,none,3,1.0,[[0 0]],59,True,117,uniform,1,43.266615305567875
False,,10.004948292000336,1,2000,none,3,1.0,[[0 0]],61,True,117,uniform,1,43.266615305567875
False,,11.255716625004425,1,2000,none,3,1.0,[[0 0]],1,True,122,uniform,1,44.181444068749045
False,,11.2331560409948,1,2000,none,3,1.0,[[0 0]],3,True,122,uniform,1,44.181444068749045
False,,11.152463791004266,1,2000,none,3,1.0,[[0 0]],5,True,122,uniform,1,44.181444068749045
False,,11.042569750003167,1,2000,none,3,1.0,[[0 0]],7,True,122,uniform,1,44.181444068749045
False,,10.94316120800795,1,2000,none,3,1.0,[[0 0]],9,True,122,uniform,1,44.181444068749045
False,,10.884392416002811,1,2000,none,3,1.0,[[0 0]],11,True,122,uniform,1,44.181444068749045
False,,10.827501542007667,1,2000,none,3,1.0,[[0 0]],13,True,122,uniform,1,44.181444068749045
False,,10.744005417000153,1,2000,none,3,1.0,[[0 0]],15,True,122,uniform,1,44.181444068749045
False,,10.790951500006486,1,2000,none,3,1.0,[[0 0]],17,True,122,uniform,1,44.181444068749045
False,,10.655253207994974,1,2000,none,3,1.0,[[0 0]],19,True,122,uniform,1,44.181444068749045
False,,10.690621916000964,1,2000,none,3,1.0,[[0 0]],21,True,122,uniform,1,44.181444068749045
False,,10.697937457996886,1,2000,none,3,1.0,[[0 0]],23,True,122,uniform,1,44.181444068749045
False,,10.66824133299815,1,2000,none,3,1.0,[[0 0]],25,True,122,uniform,1,44.181444068749045
False,,10.695493167004315,1,2000,none,3,1.0,[[0 0]],27,True,122,uniform,1,44.181444068749045
False,,10.691345291998005,1,2000,none,3,1.0,[[0 0]],29,True,122,uniform,1,44.181444068749045
False,,10.701627375005046,1,2000,none,3,1.0,[[0 0]],31,True,122,uniform,1,44.181444068749045
False,,10.661237332999008,1,2000,none,3,1.0,[[0 0]],33,True,122,uniform,1,44.181444068749045
False,,10.68704579101177,1,2000,none,3,1.0,[[0 0]],35,True,122,uniform,1,44.181444068749045
False,,10.684549750003498,1,2000,none,3,1.0,[[0 0]],37,True,122,uniform,1,44.181444068749045
False,,10.62252920800529,1,2000,none,3,1.0,[[0 0]],39,True,122,uniform,1,44.181444068749045
False,,10.626591082997038,1,2000,none,3,1.0,[[0 0]],41,True,122,uniform,1,44.181444068749045
False,,10.62957291600469,1,2000,none,3,1.0,[[0 0]],43,True,122,uniform,1,44.181444068749045
False,,10.614036541999667,1,2000,none,3,1.0,[[0 0]],45,True,122,uniform,1,44.181444068749045
False,,10.599741666999762,1,2000,none,3,1.0,[[0 0]],47,True,122,uniform,1,44.181444068749045
False,,10.64011949999258,1,2000,none,3,1.0,[[0 0]],49,True,122,uniform,1,44.181444068749045
False,,10.583738959001494,1,2000,none,3,1.0,[[0 0]],51,True,122,uniform,1,44.181444068749045
False,,10.580957833997672,1,2000,none,3,1.0,[[0 0]],53,True,122,uniform,1,44.181444068749045
False,,10.57495037499757,1,2000,none,3,1.0,[[0 0]],55,True,122,uniform,1,44.181444068749045
False,,10.53152170899557,1,2000,none,3,1.0,[[0 0]],57,True,122,uniform,1,44.181444068749045
False,,10.528769792013918,1,2000,none,3,1.0,[[0 0]],59,True,122,uniform,1,44.181444068749045
False,,10.538744707999285,1,2000,none,3,1.0,[[0 0]],61,True,122,uniform,1,44.181444068749045
False,,10.523368542009848,1,2000,none,3,1.0,[[0 0]],63,True,122,uniform,1,44.181444068749045
False,,11.720221499999752,1,2000,none,3,1.0,[[0 0]],1,True,127,uniform,1,45.077710678338576
False,,11.649795249992167,1,2000,none,3,1.0,[[0 0]],3,True,127,uniform,1,45.077710678338576
False,,11.620429375005187,1,2000,none,3,1.0,[[0 0]],5,True,127,uniform,1,45.077710678338576
False,,11.443611624999903,1,2000,none,3,1.0,[[0 0]],7,True,127,uniform,1,45.077710678338576
False,,11.421892749989638,1,2000,none,3,1.0,[[0 0]],9,True,127,uniform,1,45.077710678338576
False,,11.358597750004265,1,2000,none,3,1.0,[[0 0]],11,True,127,uniform,1,45.077710678338576
False,,11.350093041997752,1,2000,none,3,1.0,[[0 0]],13,True,127,uniform,1,45.077710678338576
False,,11.343950250011403,1,2000,none,3,1.0,[[0 0]],15,True,127,uniform,1,45.077710678338576
False,,11.257717665997916,1,2000,none,3,1.0,[[0 0]],17,True,127,uniform,1,45.077710678338576
False,,11.207240083997021,1,2000,none,3,1.0,[[0 0]],19,True,127,uniform,1,45.077710678338576
False,,11.24388187500881,1,2000,none,3,1.0,[[0 0]],21,True,127,uniform,1,45.077710678338576
False,,11.158218083000975,1,2000,none,3,1.0,[[0 0]],23,True,127,uniform,1,45.077710678338576
False,,11.285424582994892,1,2000,none,3,1.0,[[0 0]],25,True,127,uniform,1,45.077710678338576
False,,11.174219249995076,1,2000,none,3,1.0,[[0 0]],27,True,127,uniform,1,45.077710678338576
False,,11.215386791998753,1,2000,none,3,1.0,[[0 0]],29,True,127,uniform,1,45.077710678338576
False,,11.166213833988877,1,2000,none,3,1.0,[[0 0]],31,True,127,uniform,1,45.077710678338576
False,,11.116653958000825,1,2000,none,3,1.0,[[0 0]],33,True,127,uniform,1,45.077710678338576
False,,11.137624916009372,1,2000,none,3,1.0,[[0 0]],35,True,127,uniform,1,45.077710678338576
False,,11.13590258298791,1,2000,none,3,1.0,[[0 0]],37,True,127,uniform,1,45.077710678338576
False,,11.243409167000209,1,2000,none,3,1.0,[[0 0]],39,True,127,uniform,1,45.077710678338576
False,,11.04458087500825,1,2000,none,3,1.0,[[0 0]],41,True,127,uniform,1,45.077710678338576
False,,11.203331958997296,1,2000,none,3,1.0,[[0 0]],43,True,127,uniform,1,45.077710678338576
False,,11.205556750006508,1,2000,none,3,1.0,[[0 0]],45,True,127,uniform,1,45.077710678338576
False,,11.207747250009561,1,2000,none,3,1.0,[[0 0]],47,True,127,uniform,1,45.077710678338576
False,,11.101907542004483,1,2000,none,3,1.0,[[0 0]],49,True,127,uniform,1,45.077710678338576
False,,11.063315541992779,1,2000,none,3,1.0,[[0 0]],51,True,127,uniform,1,45.077710678338576
False,,11.106246208000812,1,2000,none,3,1.0,[[0 0]],53,True,127,uniform,1,45.077710678338576
False,,11.094536082993727,1,2000,none,3,1.0,[[0 0]],55,True,127,uniform,1,45.077710678338576
False,,11.092283792007947,1,2000,none,3,1.0,[[0 0]],57,True,127,uniform,1,45.077710678338576
False,,11.130464208996273,1,2000,none,3,1.0,[[0 0]],59,True,127,uniform,1,45.077710678338576
False,,11.084582875002525,1,2000,none,3,1.0,[[0 0]],61,True,127,uniform,1,45.077710678338576
False,,11.067073250000249,1,2000,none,3,1.0,[[0 0]],63,True,127,uniform,1,45.077710678338576
False,,11.0505349580053,1,2000,none,3,1.0,[[0 0]],65,True,127,uniform,1,45.077710678338576
False,,11.061364624998532,1,2000,none,3,1.0,[[0 0]],67,True,127,uniform,1,45.077710678338576
False,,12.316890750007587,1,2000,none,3,1.0,[[0 0]],1,True,132,uniform,1,45.95650117230423
False,,12.285974541999167,1,2000,none,3,1.0,[[0 0]],3,True,132,uniform,1,45.95650117230423
False,,12.115468167001382,1,2000,none,3,1.0,[[0 0]],5,True,132,uniform,1,45.95650117230423
False,,12.037950416997774,1,2000,none,3,1.0,[[0 0]],7,True,132,uniform,1,45.95650117230423
False,,11.96031454099284,1,2000,none,3,1.0,[[0 0]],9,True,132,uniform,1,45.95650117230423
False,,11.962725249992218,1,2000,none,3,1.0,[[0 0]],11,True,132,uniform,1,45.95650117230423
False,,11.94860304199392,1,2000,none,3,1.0,[[0 0]],13,True,132,uniform,1,45.95650117230423
False,,11.881559417000972,1,2000,none,3,1.0,[[0 0]],15,True,132,uniform,1,45.95650117230423
False,,11.845031542005017,1,2000,none,3,1.0,[[0 0]],17,True,132,uniform,1,45.95650117230423
False,,11.892273874997045,1,2000,none,3,1.0,[[0 0]],19,True,132,uniform,1,45.95650117230423
False,,11.789776499994332,1,2000,none,3,1.0,[[0 0]],21,True,132,uniform,1,45.95650117230423
False,,11.756520082999486,1,2000,none,3,1.0,[[0 0]],23,True,132,uniform,1,45.95650117230423
False,,11.785099000000628,1,2000,none,3,1.0,[[0 0]],25,True,132,uniform,1,45.95650117230423
False,,11.653936707996763,1,2000,none,3,1.0,[[0 0]],27,True,132,uniform,1,45.95650117230423
False,,11.777748749998864,1,2000,none,3,1.0,[[0 0]],29,True,132,uniform,1,45.95650117230423
False,,11.74572958299541,1,2000,none,3,1.0,[[0 0]],31,True,132,uniform,1,45.95650117230423
False,,11.818320375008625,1,2000,none,3,1.0,[[0 0]],33,True,132,uniform,1,45.95650117230423
False,,11.736497124991729,1,2000,none,3,1.0,[[0 0]],35,True,132,uniform,1,45.95650117230423
False,,11.725228542010882,1,2000,none,3,1.0,[[0 0]],37,True,132,uniform,1,45.95650117230423
False,,11.73685420799302,1,2000,none,3,1.0,[[0 0]],39,True,132,uniform,1,45.95650117230423
False,,11.717075834007119,1,2000,none,3,1.0,[[0 0]],41,True,132,uniform,1,45.95650117230423
False,,11.74390366699663,1,2000,none,3,1.0,[[0 0]],43,True,132,uniform,1,45.95650117230423
False,,11.696078957989812,1,2000,none,3,1.0,[[0 0]],45,True,132,uniform,1,45.95650117230423
False,,11.704792416989221,1,2000,none,3,1.0,[[0 0]],47,True,132,uniform,1,45.95650117230423
False,,11.71535041599418,1,2000,none,3,1.0,[[0 0]],49,True,132,uniform,1,45.95650117230423
False,,11.769901749998098,1,2000,none,3,1.0,[[0 0]],51,True,132,uniform,1,45.95650117230423
False,,11.71060987499368,1,2000,none,3,1.0,[[0 0]],53,True,132,uniform,1,45.95650117230423
False,,11.682583665999118,1,2000,none,3,1.0,[[0 0]],55,True,132,uniform,1,45.95650117230423
False,,11.70019458400202,1,2000,none,3,1.0,[[0 0]],57,True,132,uniform,1,45.95650117230423
False,,11.653983333992073,1,2000,none,3,1.0,[[0 0]],59,True,132,uniform,1,45.95650117230423
False,,11.69252504099859,1,2000,none,3,1.0,[[0 0]],61,True,132,uniform,1,45.95650117230423
False,,11.654897749991505,1,2000,none,3,1.0,[[0 0]],63,True,132,uniform,1,45.95650117230423
False,,11.690410208000685,1,2000,none,3,1.0,[[0 0]],65,True,132,uniform,1,45.95650117230423
False,,11.611393583007157,1,2000,none,3,1.0,[[0 0]],67,True,132,uniform,1,45.95650117230423
False,,11.6372009159968,1,2000,none,3,1.0,[[0 0]],69,True,132,uniform,1,45.95650117230423
False,,12.719771167001454,1,2000,none,3,1.0,[[0 0]],1,True,137,uniform,1,46.8187996428785
False,,12.757460000007995,1,2000,none,3,1.0,[[0 0]],3,True,137,uniform,1,46.8187996428785
False,,12.695900667007663,1,2000,none,3,1.0,[[0 0]],5,True,137,uniform,1,46.8187996428785
False,,12.464637915996718,1,2000,none,3,1.0,[[0 0]],7,True,137,uniform,1,46.8187996428785
False,,12.41736929200124,1,2000,none,3,1.0,[[0 0]],9,True,137,uniform,1,46.8187996428785
False,,12.42725416700705,1,2000,none,3,1.0,[[0 0]],11,True,137,uniform,1,46.8187996428785
False,,12.395215541997459,1,2000,none,3,1.0,[[0 0]],13,True,137,uniform,1,46.8187996428785
False,,12.361044207995292,1,2000,none,3,1.0,[[0 0]],15,True,137,uniform,1,46.8187996428785
False,,12.4017510410049,1,2000,none,3,1.0,[[0 0]],17,True,137,uniform,1,46.8187996428785
False,,12.390069667002535,1,2000,none,3,1.0,[[0 0]],19,True,137,uniform,1,46.8187996428785
False,,12.31606495899905,1,2000,none,3,1.0,[[0 0]],21,True,137,uniform,1,46.8187996428785
False,,12.285861249998561,1,2000,none,3,1.0,[[0 0]],23,True,137,uniform,1,46.8187996428785
False,,12.24019420798868,1,2000,none,3,1.0,[[0 0]],25,True,137,uniform,1,46.8187996428785
False,,12.282591499999398,1,2000,none,3,1.0,[[0 0]],27,True,137,uniform,1,46.8187996428785
False,,12.262683624998317,1,2000,none,3,1.0,[[0 0]],29,True,137,uniform,1,46.8187996428785
False,,12.226902082999004,1,2000,none,3,1.0,[[0 0]],31,True,137,uniform,1,46.8187996428785
False,,12.238220250001177,1,2000,none,3,1.0,[[0 0]],33,True,137,uniform,1,46.8187996428785
False,,12.22246787500626,1,2000,none,3,1.0,[[0 0]],35,True,137,uniform,1,46.8187996428785
False,,12.271416042000055,1,2000,none,3,1.0,[[0 0]],37,True,137,uniform,1,46.8187996428785
False,,12.26870429200062,1,2000,none,3,1.0,[[0 0]],39,True,137,uniform,1,46.8187996428785
False,,12.21428020899475,1,2000,none,3,1.0,[[0 0]],41,True,137,uniform,1,46.8187996428785
False,,12.27926937500888,1,2000,none,3,1.0,[[0 0]],43,True,137,uniform,1,46.8187996428785
False,,12.207468916996731,1,2000,none,3,1.0,[[0 0]],45,True,137,uniform,1,46.8187996428785
False,,12.229031790993758,1,2000,none,3,1.0,[[0 0]],47,True,137,uniform,1,46.8187996428785
False,,12.174740874994313,1,2000,none,3,1.0,[[0 0]],49,True,137,uniform,1,46.8187996428785
False,,12.155976374997408,1,2000,none,3,1.0,[[0 0]],51,True,137,uniform,1,46.8187996428785
False,,12.056085625008564,1,2000,none,3,1.0,[[0 0]],53,True,137,uniform,1,46.8187996428785
False,,12.035851833003107,1,2000,none,3,1.0,[[0 0]],55,True,137,uniform,1,46.8187996428785
False,,12.007359084003838,1,2000,none,3,1.0,[[0 0]],57,True,137,uniform,1,46.8187996428785
False,,11.992201291999663,1,2000,none,3,1.0,[[0 0]],59,True,137,uniform,1,46.8187996428785
False,,12.003233957992052,1,2000,none,3,1.0,[[0 0]],61,True,137,uniform,1,46.8187996428785
False,,11.961964624992106,1,2000,none,3,1.0,[[0 0]],63,True,137,uniform,1,46.8187996428785
False,,11.989031125005567,1,2000,none,3,1.0,[[0 0]],65,True,137,uniform,1,46.8187996428785
False,,11.955369167000754,1,2000,none,3,1.0,[[0 0]],67,True,137,uniform,1,46.8187996428785
False,,11.954657791997306,1,2000,none,3,1.0,[[0 0]],69,True,137,uniform,1,46.8187996428785
False,,11.91574966700864,1,2000,none,3,1.0,[[0 0]],71,True,137,uniform,1,46.8187996428785
False,,13.296518916991772,1,2000,none,3,1.0,[[0 0]],1,True,142,uniform,1,47.66550115125194
False,,13.276700834001531,1,2000,none,3,1.0,[[0 0]],3,True,142,uniform,1,47.66550115125194
False,,13.206159916997422,1,2000,none,3,1.0,[[0 0]],5,True,142,uniform,1,47.66550115125194
False,,13.032031916998676,1,2000,none,3,1.0,[[0 0]],7,True,142,uniform,1,47.66550115125194
False,,12.937049790998572,1,2000,none,3,1.0,[[0 0]],9,True,142,uniform,1,47.66550115125194
False,,12.890897792007308,1,2000,none,3,1.0,[[0 0]],11,True,142,uniform,1,47.66550115125194
False,,12.883527416997822,1,2000,none,3,1.0,[[0 0]],13,True,142,uniform,1,47.66550115125194
False,,12.90088708300027,1,2000,none,3,1.0,[[0 0]],15,True,142,uniform,1,47.66550115125194
False,,12.86806137500389,1,2000,none,3,1.0,[[0 0]],17,True,142,uniform,1,47.66550115125194
False,,12.878184375003912,1,2000,none,3,1.0,[[0 0]],19,True,142,uniform,1,47.66550115125194
False,,12.876366083000903,1,2000,none,3,1.0,[[0 0]],21,True,142,uniform,1,47.66550115125194
False,,12.844568707994767,1,2000,none,3,1.0,[[0 0]],23,True,142,uniform,1,47.66550115125194
False,,12.815387708003982,1,2000,none,3,1.0,[[0 0]],25,True,142,uniform,1,47.66550115125194
False,,12.772179957988556,1,2000,none,3,1.0,[[0 0]],27,True,142,uniform,1,47.66550115125194
False,,12.87970450001012,1,2000,none,3,1.0,[[0 0]],29,True,142,uniform,1,47.66550115125194
False,,12.788997042007395,1,2000,none,3,1.0,[[0 0]],31,True,142,uniform,1,47.66550115125194
False,,12.75402637499792,1,2000,none,3,1.0,[[0 0]],33,True,142,uniform,1,47.66550115125194
False,,12.780718584006536,1,2000,none,3,1.0,[[0 0]],35,True,142,uniform,1,47.66550115125194
False,,12.76480479199381,1,2000,none,3,1.0,[[0 0]],37,True,142,uniform,1,47.66550115125194
False,,12.82239450000634,1,2000,none,3,1.0,[[0 0]],39,True,142,uniform,1,47.66550115125194
False,,12.785280875003082,1,2000,none,3,1.0,[[0 0]],41,True,142,uniform,1,47.66550115125194
False,,12.794923084002221,1,2000,none,3,1.0,[[0 0]],43,True,142,uniform,1,47.66550115125194
False,,12.745740500002285,1,2000,none,3,1.0,[[0 0]],45,True,142,uniform,1,47.66550115125194
False,,12.761875625001267,1,2000,none,3,1.0,[[0 0]],47,True,142,uniform,1,47.66550115125194
False,,12.733874417011975,1,2000,none,3,1.0,[[0 0]],49,True,142,uniform,1,47.66550115125194
False,,12.655991000006907,1,2000,none,3,1.0,[[0 0]],51,True,142,uniform,1,47.66550115125194
False,,12.691194833998452,1,2000,none,3,1.0,[[0 0]],53,True,142,uniform,1,47.66550115125194
False,,12.644553082995117,1,2000,none,3,1.0,[[0 0]],55,True,142,uniform,1,47.66550115125194
False,,12.620318125002086,1,2000,none,3,1.0,[[0 0]],57,True,142,uniform,1,47.66550115125194
False,,12.64291837500059,1,2000,none,3,1.0,[[0 0]],59,True,142,uniform,1,47.66550115125194
False,,12.580827916986891,1,2000,none,3,1.0,[[0 0]],61,True,142,uniform,1,47.66550115125194
False,,12.5720172500005,1,2000,none,3,1.0,[[0 0]],63,True,142,uniform,1,47.66550115125194
False,,12.53257779100386,1,2000,none,3,1.0,[[0 0]],65,True,142,uniform,1,47.66550115125194
False,,12.501852500005043,1,2000,none,3,1.0,[[0 0]],67,True,142,uniform,1,47.66550115125194
False,,12.467657125002006,1,2000,none,3,1.0,[[0 0]],69,True,142,uniform,1,47.66550115125194
False,,12.5096174999926,1,2000,none,3,1.0,[[0 0]],71,True,142,uniform,1,47.66550115125194
False,,12.490520874998765,1,2000,none,3,1.0,[[0 0]],73,True,142,uniform,1,47.66550115125194
False,,12.491519458999392,1,2000,none,3,1.0,[[0 0]],75,True,142,uniform,1,47.66550115125194
False,,13.753516165990732,1,2000,none,3,1.0,[[0 0]],1,True,147,uniform,1,48.49742261192856
False,,13.72570879101113,1,2000,none,3,1.0,[[0 0]],3,True,147,uniform,1,48.49742261192856
False,,13.649620458993013,1,2000,none,3,1.0,[[0 0]],5,True,147,uniform,1,48.49742261192856
False,,13.540470584004652,1,2000,none,3,1.0,[[0 0]],7,True,147,uniform,1,48.49742261192856
False,,13.469206499998108,1,2000,none,3,1.0,[[0 0]],9,True,147,uniform,1,48.49742261192856
False,,13.462291832998744,1,2000,none,3,1.0,[[0 0]],11,True,147,uniform,1,48.49742261192856
False,,13.36070112499874,1,2000,none,3,1.0,[[0 0]],13,True,147,uniform,1,48.49742261192856
False,,13.366453333001118,1,2000,none,3,1.0,[[0 0]],15,True,147,uniform,1,48.49742261192856
False,,13.345017250001547,1,2000,none,3,1.0,[[0 0]],17,True,147,uniform,1,48.49742261192856
False,,13.374718332997872,1,2000,none,3,1.0,[[0 0]],19,True,147,uniform,1,48.49742261192856
False,,13.410132374992827,1,2000,none,3,1.0,[[0 0]],21,True,147,uniform,1,48.49742261192856
False,,13.389934958002414,1,2000,none,3,1.0,[[0 0]],23,True,147,uniform,1,48.49742261192856
False,,13.409000125000603,1,2000,none,3,1.0,[[0 0]],25,True,147,uniform,1,48.49742261192856
False,,13.36430229099642,1,2000,none,3,1.0,[[0 0]],27,True,147,uniform,1,48.49742261192856
False,,13.339762290997896,1,2000,none,3,1.0,[[0 0]],29,True,147,uniform,1,48.49742261192856
False,,13.342170707997866,1,2000,none,3,1.0,[[0 0]],31,True,147,uniform,1,48.49742261192856
False,,13.334546290992876,1,2000,none,3,1.0,[[0 0]],33,True,147,uniform,1,48.49742261192856
False,,13.347705083011533,1,2000,none,3,1.0,[[0 0]],35,True,147,uniform,1,48.49742261192856
False,,13.31713204200787,1,2000,none,3,1.0,[[0 0]],37,True,147,uniform,1,48.49742261192856
False,,13.249196583987214,1,2000,none,3,1.0,[[0 0]],39,True,147,uniform,1,48.49742261192856
False,,13.229704707991914,1,2000,none,3,1.0,[[0 0]],41,True,147,uniform,1,48.49742261192856
False,,13.215052500003367,1,2000,none,3,1.0,[[0 0]],43,True,147,uniform,1,48.49742261192856
False,,13.144777917012107,1,2000,none,3,1.0,[[0 0]],45,True,147,uniform,1,48.49742261192856
False,,13.135934499994619,1,2000,none,3,1.0,[[0 0]],47,True,147,uniform,1,48.49742261192856
False,,13.126374165993184,1,2000,none,3,1.0,[[0 0]],49,True,147,uniform,1,48.49742261192856
False,,13.121784582996042,1,2000,none,3,1.0,[[0 0]],51,True,147,uniform,1,48.49742261192856
False,,13.136958375005634,1,2000,none,3,1.0,[[0 0]],53,True,147,uniform,1,48.49742261192856
False,,13.115313083006185,1,2000,none,3,1.0,[[0 0]],55,True,147,uniform,1,48.49742261192856
False,,13.120369042007951,1,2000,none,3,1.0,[[0 0]],57,True,147,uniform,1,48.49742261192856
False,,13.12005012499867,1,2000,none,3,1.0,[[0 0]],59,True,147,uniform,1,48.49742261192856
False,,13.118437458004337,1,2000,none,3,1.0,[[0 0]],61,True,147,uniform,1,48.49742261192856
False,,13.105205500003649,1,2000,none,3,1.0,[[0 0]],63,True,147,uniform,1,48.49742261192856
False,,13.121956749993842,1,2000,none,3,1.0,[[0 0]],65,True,147,uniform,1,48.49742261192856
False,,13.080982415995095,1,2000,none,3,1.0,[[0 0]],67,True,147,uniform,1,48.49742261192856
False,,13.09268383300514,1,2000,none,3,1.0,[[0 0]],69,True,147,uniform,1,48.49742261192856
False,,13.051114959002007,1,2000,none,3,1.0,[[0 0]],71,True,147,uniform,1,48.49742261192856
False,,13.06707020799513,1,2000,none,3,1.0,[[0 0]],73,True,147,uniform,1,48.49742261192856
False,,13.069603584008291,1,2000,none,3,1.0,[[0 0]],75,True,147,uniform,1,48.49742261192856
False,,13.011294500000076,1,2000,none,3,1.0,[[0 0]],77,True,147,uniform,1,48.49742261192856
False,,0.4085970419982914,1,2000,none,3,1.0,[[0 0]],1,True,2,uniform,2,5.656854249492381
False,,0.8333185000083176,1,2000,none,3,1.0,[[0 0]],1,True,7,uniform,2,10.583005244258363
True,1307.0,0.5153864169988083,1,2000,none,3,1.0,[[0 0]],3,True,7,uniform,2,10.583005244258363
False,,1.2423257920017932,1,2000,none,3,1.0,[[0 0]],1,True,12,uniform,2,13.856406460551018
True,1622.0,1.0128667499957373,1,2000,none,3,1.0,[[0 0]],3,True,12,uniform,2,13.856406460551018
True,1517.0,0.9195111250010086,1,2000,none,3,1.0,[[0 0]],5,True,12,uniform,2,13.856406460551018
False,,1.5946508340130094,1,2000,none,3,1.0,[[0 0]],1,True,17,uniform,2,16.492422502470642
False,,1.623010790994158,1,2000,none,3,1.0,[[0 0]],3,True,17,uniform,2,16.492422502470642
True,1830.0,1.4699513749947073,1,2000,none,3,1.0,[[0 0]],5,True,17,uniform,2,16.492422502470642
True,1743.0,1.391613582993159,1,2000,none,3,1.0,[[0 0]],7,True,17,uniform,2,16.492422502470642
True,1758.0,1.3967140419990756,1,2000,none,3,1.0,[[0 0]],9,True,17,uniform,2,16.492422502470642
False,,2.107873417000519,1,2000,none,3,1.0,[[0 0]],1,True,22,uniform,2,18.76166303929372
False,,2.08784825001203,1,2000,none,3,1.0,[[0 0]],3,True,22,uniform,2,18.76166303929372
False,,2.0748492080019787,1,2000,none,3,1.0,[[0 0]],5,True,22,uniform,2,18.76166303929372
True,1549.0,1.5886447080119979,1,2000,none,3,1.0,[[0 0]],7,True,22,uniform,2,18.76166303929372
True,1836.0,1.895211750001181,1,2000,none,3,1.0,[[0 0]],9,True,22,uniform,2,18.76166303929372
True,1676.0,1.7301367500040215,1,2000,none,3,1.0,[[0 0]],11,True,22,uniform,2,18.76166303929372
False,,2.483553625002969,1,2000,none,3,1.0,[[0 0]],1,True,27,uniform,2,20.784609690826528
False,,2.470378958998481,1,2000,none,3,1.0,[[0 0]],3,True,27,uniform,2,20.784609690826528
False,,2.467665999996825,1,2000,none,3,1.0,[[0 0]],5,True,27,uniform,2,20.784609690826528
False,,2.4291106250020675,1,2000,none,3,1.0,[[0 0]],7,True,27,uniform,2,20.784609690826528
False,,2.4526647919992683,1,2000,none,3,1.0,[[0 0]],9,True,27,uniform,2,20.784609690826528
False,,2.435220125000342,1,2000,none,3,1.0,[[0 0]],11,True,27,uniform,2,20.784609690826528
False,,2.4393687499978114,1,2000,none,3,1.0,[[0 0]],13,True,27,uniform,2,20.784609690826528
False,,2.923144083004445,1,2000,none,3,1.0,[[0 0]],1,True,32,uniform,2,22.627416997969522
False,,2.956360500000301,1,2000,none,3,1.0,[[0 0]],3,True,32,uniform,2,22.627416997969522
False,,2.90711587498663,1,2000,none,3,1.0,[[0 0]],5,True,32,uniform,2,22.627416997969522
False,,2.88859100000991,1,2000,none,3,1.0,[[0 0]],7,True,32,uniform,2,22.627416997969522
False,,2.915166875012801,1,2000,none,3,1.0,[[0 0]],9,True,32,uniform,2,22.627416997969522
False,,2.912234791001538,1,2000,none,3,1.0,[[0 0]],11,True,32,uniform,2,22.627416997969522
False,,2.889707416004967,1,2000,none,3,1.0,[[0 0]],13,True,32,uniform,2,22.627416997969522
False,,2.915814459003741,1,2000,none,3,1.0,[[0 0]],15,True,32,uniform,2,22.627416997969522
False,,3.339917749995948,1,2000,none,3,1.0,[[0 0]],1,True,37,uniform,2,24.331050121192877
False,,3.327628500002902,1,2000,none,3,1.0,[[0 0]],3,True,37,uniform,2,24.331050121192877
False,,3.3217603329976555,1,2000,none,3,1.0,[[0 0]],5,True,37,uniform,2,24.331050121192877
False,,3.3108023749955464,1,2000,none,3,1.0,[[0 0]],7,True,37,uniform,2,24.331050121192877
False,,3.34505087499565,1,2000,none,3,1.0,[[0 0]],9,True,37,uniform,2,24.331050121192877
False,,3.3240047079889337,1,2000,none,3,1.0,[[0 0]],11,True,37,uniform,2,24.331050121192877
False,,3.298937957995804,1,2000,none,3,1.0,[[0 0]],13,True,37,uniform,2,24.331050121192877
False,,3.294701459002681,1,2000,none,3,1.0,[[0 0]],15,True,37,uniform,2,24.331050121192877
False,,3.302376584004378,1,2000,none,3,1.0,[[0 0]],17,True,37,uniform,2,24.331050121192877
False,,3.2646796249900945,1,2000,none,3,1.0,[[0 0]],19,True,37,uniform,2,24.331050121192877
False,,3.817726458000834,1,2000,none,3,1.0,[[0 0]],1,True,42,uniform,2,25.92296279363144
False,,3.762375209000311,1,2000,none,3,1.0,[[0 0]],3,True,42,uniform,2,25.92296279363144
False,,3.749183667008765,1,2000,none,3,1.0,[[0 0]],5,True,42,uniform,2,25.92296279363144
False,,3.7265145830024267,1,2000,none,3,1.0,[[0 0]],7,True,42,uniform,2,25.92296279363144
False,,3.730659624998225,1,2000,none,3,1.0,[[0 0]],9,True,42,uniform,2,25.92296279363144
False,,3.7542021669942187,1,2000,none,3,1.0,[[0 0]],11,True,42,uniform,2,25.92296279363144
False,,3.7216483750089537,1,2000,none,3,1.0,[[0 0]],13,True,42,uniform,2,25.92296279363144
False,,3.735928459005663,1,2000,none,3,1.0,[[0 0]],15,True,42,uniform,2,25.92296279363144
False,,3.719957792010973,1,2000,none,3,1.0,[[0 0]],17,True,42,uniform,2,25.92296279363144
False,,3.718573667007149,1,2000,none,3,1.0,[[0 0]],19,True,42,uniform,2,25.92296279363144
False,,3.71203345899994,1,2000,none,3,1.0,[[0 0]],21,True,42,uniform,2,25.92296279363144
False,,4.16957391599135,1,2000,none,3,1.0,[[0 0]],1,True,47,uniform,2,27.422618401604176
False,,4.191048708002199,1,2000,none,3,1.0,[[0 0]],3,True,47,uniform,2,27.422618401604176
False,,4.158263207995333,1,2000,none,3,1.0,[[0 0]],5,True,47,uniform,2,27.422618401604176
False,,4.0902335830032825,1,2000,none,3,1.0,[[0 0]],7,True,47,uniform,2,27.422618401604176
False,,4.075830917005078,1,2000,none,3,1.0,[[0 0]],9,True,47,uniform,2,27.422618401604176
False,,4.098973958010902,1,2000,none,3,1.0,[[0 0]],11,True,47,uniform,2,27.422618401604176
False,,4.086812708002981,1,2000,none,3,1.0,[[0 0]],13,True,47,uniform,2,27.422618401604176
False,,4.098879999990459,1,2000,none,3,1.0,[[0 0]],15,True,47,uniform,2,27.422618401604176
False,,4.157335500000045,1,2000,none,3,1.0,[[0 0]],17,True,47,uniform,2,27.422618401604176
False,,4.069201874997816,1,2000,none,3,1.0,[[0 0]],19,True,47,uniform,2,27.422618401604176
False,,4.112375916010933,1,2000,none,3,1.0,[[0 0]],21,True,47,uniform,2,27.422618401604176
False,,4.036046500012162,1,2000,none,3,1.0,[[0 0]],23,True,47,uniform,2,27.422618401604176
False,,4.73959458299214,1,2000,none,3,1.0,[[0 0]],1,True,52,uniform,2,28.844410203711913
False,,4.620843541997601,1,2000,none,3,1.0,[[0 0]],3,True,52,uniform,2,28.844410203711913
False,,4.621537665996584,1,2000,none,3,1.0,[[0 0]],5,True,52,uniform,2,28.844410203711913
False,,4.60528845799854,1,2000,none,3,1.0,[[0 0]],7,True,52,uniform,2,28.844410203711913
False,,4.629060708990437,1,2000,none,3,1.0,[[0 0]],9,True,52,uniform,2,28.844410203711913
False,,4.606835124999634,1,2000,none,3,1.0,[[0 0]],11,True,52,uniform,2,28.844410203711913
False,,4.598261666003964,1,2000,none,3,1.0,[[0 0]],13,True,52,uniform,2,28.844410203711913
False,,4.606583166998462,1,2000,none,3,1.0,[[0 0]],15,True,52,uniform,2,28.844410203711913
False,,4.604391957996995,1,2000,none,3,1.0,[[0 0]],17,True,52,uniform,2,28.844410203711913
False,,4.614437541997177,1,2000,none,3,1.0,[[0 0]],19,True,52,uniform,2,28.844410203711913
False,,4.62127129099099,1,2000,none,3,1.0,[[0 0]],21,True,52,uniform,2,28.844410203711913
False,,4.607105708011659,1,2000,none,3,1.0,[[0 0]],23,True,52,uniform,2,28.844410203711913
False,,4.606564458998037,1,2000,none,3,1.0,[[0 0]],25,True,52,uniform,2,28.844410203711913
False,,4.623506749994704,1,2000,none,3,1.0,[[0 0]],27,True,52,uniform,2,28.844410203711913
False,,5.156160416998318,1,2000,none,3,1.0,[[0 0]],1,True,57,uniform,2,30.199337741083
False,,5.120916625004611,1,2000,none,3,1.0,[[0 0]],3,True,57,uniform,2,30.199337741083
False,,5.070286207992467,1,2000,none,3,1.0,[[0 0]],5,True,57,uniform,2,30.199337741083
False,,5.029004041993176,1,2000,none,3,1.0,[[0 0]],7,True,57,uniform,2,30.199337741083
False,,5.086879459006013,1,2000,none,3,1.0,[[0 0]],9,True,57,uniform,2,30.199337741083
False,,5.072659166995436,1,2000,none,3,1.0,[[0 0]],11,True,57,uniform,2,30.199337741083
False,,5.074991375004174,1,2000,none,3,1.0,[[0 0]],13,True,57,uniform,2,30.199337741083
False,,5.081650416002958,1,2000,none,3,1.0,[[0 0]],15,True,57,uniform,2,30.199337741083
False,,5.094213292002678,1,2000,none,3,1.0,[[0 0]],17,True,57,uniform,2,30.199337741083
False,,5.09026637498755,1,2000,none,3,1.0,[[0 0]],19,True,57,uniform,2,30.199337741083
False,,5.0797458330052905,1,2000,none,3,1.0,[[0 0]],21,True,57,uniform,2,30.199337741083
False,,5.084886708005797,1,2000,none,3,1.0,[[0 0]],23,True,57,uniform,2,30.199337741083
False,,5.065253124994342,1,2000,none,3,1.0,[[0 0]],25,True,57,uniform,2,30.199337741083
False,,5.0577588330052095,1,2000,none,3,1.0,[[0 0]],27,True,57,uniform,2,30.199337741083
False,,5.073608249993413,1,2000,none,3,1.0,[[0 0]],29,True,57,uniform,2,30.199337741083
False,,5.597033084006398,1,2000,none,3,1.0,[[0 0]],1,True,62,uniform,2,31.496031496047245
False,,5.519537832995411,1,2000,none,3,1.0,[[0 0]],3,True,62,uniform,2,31.496031496047245
False,,5.42793433299812,1,2000,none,3,1.0,[[0 0]],5,True,62,uniform,2,31.496031496047245
False,,5.439561042003334,1,2000,none,3,1.0,[[0 0]],7,True,62,uniform,2,31.496031496047245
False,,5.416947750010877,1,2000,none,3,1.0,[[0 0]],9,True,62,uniform,2,31.496031496047245
False,,5.414687458993285,1,2000,none,3,1.0,[[0 0]],11,True,62,uniform,2,31.496031496047245
False,,5.388190875004511,1,2000,none,3,1.0,[[0 0]],13,True,62,uniform,2,31.496031496047245
False,,5.406363166999654,1,2000,none,3,1.0,[[0 0]],15,True,62,uniform,2,31.496031496047245
False,,5.445342624996556,1,2000,none,3,1.0,[[0 0]],17,True,62,uniform,2,31.496031496047245
False,,5.461945333998301,1,2000,none,3,1.0,[[0 0]],19,True,62,uniform,2,31.496031496047245
False,,5.348956792004174,1,2000,none,3,1.0,[[0 0]],21,True,62,uniform,2,31.496031496047245
False,,5.368269250000594,1,2000,none,3,1.0,[[0 0]],23,True,62,uniform,2,31.496031496047245
False,,5.351868416008074,1,2000,none,3,1.0,[[0 0]],25,True,62,uniform,2,31.496031496047245
False,,5.348026749998098,1,2000,none,3,1.0,[[0 0]],27,True,62,uniform,2,31.496031496047245
False,,5.329120125010377,1,2000,none,3,1.0,[[0 0]],29,True,62,uniform,2,31.496031496047245
False,,5.3093098329991335,1,2000,none,3,1.0,[[0 0]],31,True,62,uniform,2,31.496031496047245
False,,6.036719584008097,1,2000,none,3,1.0,[[0 0]],1,True,67,uniform,2,32.7414110874898
False,,5.970703750004759,1,2000,none,3,1.0,[[0 0]],3,True,67,uniform,2,32.7414110874898
False,,5.9178450829931535,1,2000,none,3,1.0,[[0 0]],5,True,67,uniform,2,32.7414110874898
False,,5.928891332994681,1,2000,none,3,1.0,[[0 0]],7,True,67,uniform,2,32.7414110874898
False,,5.907431250001537,1,2000,none,3,1.0,[[0 0]],9,True,67,uniform,2,32.7414110874898
False,,5.896269042001222,1,2000,none,3,1.0,[[0 0]],11,True,67,uniform,2,32.7414110874898
False,,5.900320333006675,1,2000,none,3,1.0,[[0 0]],13,True,67,uniform,2,32.7414110874898
False,,5.881354166995152,1,2000,none,3,1.0,[[0 0]],15,True,67,uniform,2,32.7414110874898
False,,5.874205791988061,1,2000,none,3,1.0,[[0 0]],17,True,67,uniform,2,32.7414110874898
False,,5.851662790999399,1,2000,none,3,1.0,[[0 0]],19,True,67,uniform,2,32.7414110874898
False,,5.866547209006967,1,2000,none,3,1.0,[[0 0]],21,True,67,uniform,2,32.7414110874898
False,,5.822562832996482,1,2000,none,3,1.0,[[0 0]],23,True,67,uniform,2,32.7414110874898
False,,5.870642417008639,1,2000,none,3,1.0,[[0 0]],25,True,67,uniform,2,32.7414110874898
False,,5.849263666008483,1,2000,none,3,1.0,[[0 0]],27,True,67,uniform,2,32.7414110874898
False,,5.850400499999523,1,2000,none,3,1.0,[[0 0]],29,True,67,uniform,2,32.7414110874898
False,,5.800848208993557,1,2000,none,3,1.0,[[0 0]],31,True,67,uniform,2,32.7414110874898
False,,5.801704708006582,1,2000,none,3,1.0,[[0 0]],33,True,67,uniform,2,32.7414110874898
False,,5.789963083996554,1,2000,none,3,1.0,[[0 0]],35,True,67,uniform,2,32.7414110874898
False,,6.538803041999927,1,2000,none,3,1.0,[[0 0]],1,True,72,uniform,2,33.94112549695428
False,,6.480148541988456,1,2000,none,3,1.0,[[0 0]],3,True,72,uniform,2,33.94112549695428
False,,6.431459125000401,1,2000,none,3,1.0,[[0 0]],5,True,72,uniform,2,33.94112549695428
False,,6.3659977500065,1,2000,none,3,1.0,[[0 0]],7,True,72,uniform,2,33.94112549695428
False,,6.380118458007928,1,2000,none,3,1.0,[[0 0]],9,True,72,uniform,2,33.94112549695428
False,,6.380498875005287,1,2000,none,3,1.0,[[0 0]],11,True,72,uniform,2,33.94112549695428
False,,6.342341417010175,1,2000,none,3,1.0,[[0 0]],13,True,72,uniform,2,33.94112549695428
False,,6.334957999992184,1,2000,none,3,1.0,[[0 0]],15,True,72,uniform,2,33.94112549695428
False,,6.314471958001377,1,2000,none,3,1.0,[[0 0]],17,True,72,uniform,2,33.94112549695428
False,,6.326212415995542,1,2000,none,3,1.0,[[0 0]],19,True,72,uniform,2,33.94112549695428
False,,6.325782457992318,1,2000,none,3,1.0,[[0 0]],21,True,72,uniform,2,33.94112549695428
False,,6.32679870800348,1,2000,none,3,1.0,[[0 0]],23,True,72,uniform,2,33.94112549695428
False,,6.312184750000597,1,2000,none,3,1.0,[[0 0]],25,True,72,uniform,2,33.94112549695428
False,,6.303285000001779,1,2000,none,3,1.0,[[0 0]],27,True,72,uniform,2,33.94112549695428
False,,6.2728255840047495,1,2000,none,3,1.0,[[0 0]],29,True,72,uniform,2,33.94112549695428
False,,6.24686525001016,1,2000,none,3,1.0,[[0 0]],31,True,72,uniform,2,33.94112549695428
False,,6.248871584000881,1,2000,none,3,1.0,[[0 0]],33,True,72,uniform,2,33.94112549695428
False,,6.246562915999675,1,2000,none,3,1.0,[[0 0]],35,True,72,uniform,2,33.94112549695428
False,,6.230930250007077,1,2000,none,3,1.0,[[0 0]],37,True,72,uniform,2,33.94112549695428
False,,7.007761917004245,1,2000,none,3,1.0,[[0 0]],1,True,77,uniform,2,35.09985754956849
False,,6.969786708010361,1,2000,none,3,1.0,[[0 0]],3,True,77,uniform,2,35.09985754956849
False,,6.914637207999476,1,2000,none,3,1.0,[[0 0]],5,True,77,uniform,2,35.09985754956849
False,,6.851926959003322,1,2000,none,3,1.0,[[0 0]],7,True,77,uniform,2,35.09985754956849
False,,6.8766603749973,1,2000,none,3,1.0,[[0 0]],9,True,77,uniform,2,35.09985754956849
False,,6.904851042010705,1,2000,none,3,1.0,[[0 0]],11,True,77,uniform,2,35.09985754956849
False,,6.841443750003236,1,2000,none,3,1.0,[[0 0]],13,True,77,uniform,2,35.09985754956849
False,,6.855713457989623,1,2000,none,3,1.0,[[0 0]],15,True,77,uniform,2,35.09985754956849
False,,6.817714083997998,1,2000,none,3,1.0,[[0 0]],17,True,77,uniform,2,35.09985754956849
False,,6.814711500002886,1,2000,none,3,1.0,[[0 0]],19,True,77,uniform,2,35.09985754956849
False,,6.8246800000051735,1,2000,none,3,1.0,[[0 0]],21,True,77,uniform,2,35.09985754956849
False,,6.8029010410100454,1,2000,none,3,1.0,[[0 0]],23,True,77,uniform,2,35.09985754956849
False,,6.807463707998977,1,2000,none,3,1.0,[[0 0]],25,True,77,uniform,2,35.09985754956849
False,,6.833808459006832,1,2000,none,3,1.0,[[0 0]],27,True,77,uniform,2,35.09985754956849
False,,6.786314459008281,1,2000,none,3,1.0,[[0 0]],29,True,77,uniform,2,35.09985754956849
False,,6.801670457993168,1,2000,none,3,1.0,[[0 0]],31,True,77,uniform,2,35.09985754956849
False,,6.77836529200431,1,2000,none,3,1.0,[[0 0]],33,True,77,uniform,2,35.09985754956849
False,,6.752226875003544,1,2000,none,3,1.0,[[0 0]],35,True,77,uniform,2,35.09985754956849
False,,6.687661792006111,1,2000,none,3,1.0,[[0 0]],37,True,77,uniform,2,35.09985754956849
False,,6.734612749991356,1,2000,none,3,1.0,[[0 0]],39,True,77,uniform,2,35.09985754956849
False,,7.489453791989945,1,2000,none,3,1.0,[[0 0]],1,True,82,uniform,2,36.22154055254967
False,,7.386528000002727,1,2000,none,3,1.0,[[0 0]],3,True,82,uniform,2,36.22154055254967
False,,7.3107191669987515,1,2000,none,3,1.0,[[0 0]],5,True,82,uniform,2,36.22154055254967
False,,7.319131625001319,1,2000,none,3,1.0,[[0 0]],7,True,82,uniform,2,36.22154055254967
False,,7.270421957990038,1,2000,none,3,1.0,[[0 0]],9,True,82,uniform,2,36.22154055254967
False,,7.28855433400895,1,2000,none,3,1.0,[[0 0]],11,True,82,uniform,2,36.22154055254967
False,,7.239888583004358,1,2000,none,3,1.0,[[0 0]],13,True,82,uniform,2,36.22154055254967
False,,7.273513374995673,1,2000,none,3,1.0,[[0 0]],15,True,82,uniform,2,36.22154055254967
False,,7.250630208000075,1,2000,none,3,1.0,[[0 0]],17,True,82,uniform,2,36.22154055254967
False,,7.1870510000007926,1,2000,none,3,1.0,[[0 0]],19,True,82,uniform,2,36.22154055254967
False,,7.22763350000605,1,2000,none,3,1.0,[[0 0]],21,True,82,uniform,2,36.22154055254967
False,,7.228309917001752,1,2000,none,3,1.0,[[0 0]],23,True,82,uniform,2,36.22154055254967
False,,7.267340541002341,1,2000,none,3,1.0,[[0 0]],25,True,82,uniform,2,36.22154055254967
False,,7.249895957997069,1,2000,none,3,1.0,[[0 0]],27,True,82,uniform,2,36.22154055254967
False,,7.226068709001993,1,2000,none,3,1.0,[[0 0]],29,True,82,uniform,2,36.22154055254967
False,,7.2243867090001,1,2000,none,3,1.0,[[0 0]],31,True,82,uniform,2,36.22154055254967
False,,7.23585841699969,1,2000,none,3,1.0,[[0 0]],33,True,82,uniform,2,36.22154055254967
False,,7.272482915999717,1,2000,none,3,1.0,[[0 0]],35,True,82,uniform,2,36.22154055254967
False,,7.196458042002632,1,2000,none,3,1.0,[[0 0]],37,True,82,uniform,2,36.22154055254967
False,,7.229223959002411,1,2000,none,3,1.0,[[0 0]],39,True,82,uniform,2,36.22154055254967
False,,7.193222540998249,1,2000,none,3,1.0,[[0 0]],41,True,82,uniform,2,36.22154055254967
False,,7.182985082996311,1,2000,none,3,1.0,[[0 0]],43,True,82,uniform,2,36.22154055254967
False,,7.9534375829971395,1,2000,none,3,1.0,[[0 0]],1,True,87,uniform,2,37.30951621235526
False,,7.862954083990189,1,2000,none,3,1.0,[[0 0]],3,True,87,uniform,2,37.30951621235526
False,,7.7940725829976145,1,2000,none,3,1.0,[[0 0]],5,True,87,uniform,2,37.30951621235526
False,,7.7523875839979155,1,2000,none,3,1.0,[[0 0]],7,True,87,uniform,2,37.30951621235526
False,,7.738754209000035,1,2000,none,3,1.0,[[0 0]],9,True,87,uniform,2,37.30951621235526
False,,7.758867625001585,1,2000,none,3,1.0,[[0 0]],11,True,87,uniform,2,37.30951621235526
False,,7.710648291991674,1,2000,none,3,1.0,[[0 0]],13,True,87,uniform,2,37.30951621235526
False,,7.6744914169976255,1,2000,none,3,1.0,[[0 0]],15,True,87,uniform,2,37.30951621235526
False,,7.684104167012265,1,2000,none,3,1.0,[[0 0]],17,True,87,uniform,2,37.30951621235526
False,,7.7213232920039445,1,2000,none,3,1.0,[[0 0]],19,True,87,uniform,2,37.30951621235526
False,,7.657850124989636,1,2000,none,3,1.0,[[0 0]],21,True,87,uniform,2,37.30951621235526
False,,7.639953707999666,1,2000,none,3,1.0,[[0 0]],23,True,87,uniform,2,37.30951621235526
False,,7.68209591699997,1,2000,none,3,1.0,[[0 0]],25,True,87,uniform,2,37.30951621235526
False,,7.667308375006542,1,2000,none,3,1.0,[[0 0]],27,True,87,uniform,2,37.30951621235526
False,,7.6789891670050565,1,2000,none,3,1.0,[[0 0]],29,True,87,uniform,2,37.30951621235526
False,,7.603692374992534,1,2000,none,3,1.0,[[0 0]],31,True,87,uniform,2,37.30951621235526
False,,7.5588125419890275,1,2000,none,3,1.0,[[0 0]],33,True,87,uniform,2,37.30951621235526
False,,7.569681541994214,1,2000,none,3,1.0,[[0 0]],35,True,87,uniform,2,37.30951621235526
False,,7.566912125010276,1,2000,none,3,1.0,[[0 0]],37,True,87,uniform,2,37.30951621235526
False,,7.556487250010832,1,2000,none,3,1.0,[[0 0]],39,True,87,uniform,2,37.30951621235526
False,,7.577764749992639,1,2000,none,3,1.0,[[0 0]],41,True,87,uniform,2,37.30951621235526
False,,7.5363134579965845,1,2000,none,3,1.0,[[0 0]],43,True,87,uniform,2,37.30951621235526
False,,7.54004658399208,1,2000,none,3,1.0,[[0 0]],45,True,87,uniform,2,37.30951621235526
False,,8.417822957999306,1,2000,none,3,1.0,[[0 0]],1,True,92,uniform,2,38.36665218650175
False,,8.375155458008521,1,2000,none,3,1.0,[[0 0]],3,True,92,uniform,2,38.36665218650175
False,,8.286799916997552,1,2000,none,3,1.0,[[0 0]],5,True,92,uniform,2,38.36665218650175
False,,8.24096179100161,1,2000,none,3,1.0,[[0 0]],7,True,92,uniform,2,38.36665218650175
False,,8.177005083009135,1,2000,none,3,1.0,[[0 0]],9,True,92,uniform,2,38.36665218650175
False,,8.21394900001178,1,2000,none,3,1.0,[[0 0]],11,True,92,uniform,2,38.36665218650175
False,,8.198931292005,1,2000,none,3,1.0,[[0 0]],13,True,92,uniform,2,38.36665218650175
False,,8.185930834006285,1,2000,none,3,1.0,[[0 0]],15,True,92,uniform,2,38.36665218650175
False,,8.12914337500115,1,2000,none,3,1.0,[[0 0]],17,True,92,uniform,2,38.36665218650175
False,,8.11925054200401,1,2000,none,3,1.0,[[0 0]],19,True,92,uniform,2,38.36665218650175
False,,8.174437291003414,1,2000,none,3,1.0,[[0 0]],21,True,92,uniform,2,38.36665218650175
False,,8.096109874997637,1,2000,none,3,1.0,[[0 0]],23,True,92,uniform,2,38.36665218650175
False,,8.147894291992998,1,2000,none,3,1.0,[[0 0]],25,True,92,uniform,2,38.36665218650175
False,,8.123210750010912,1,2000,none,3,1.0,[[0 0]],27,True,92,uniform,2,38.36665218650175
False,,8.104527749994304,1,2000,none,3,1.0,[[0 0]],29,True,92,uniform,2,38.36665218650175
False,,8.119721707989811,1,2000,none,3,1.0,[[0 0]],31,True,92,uniform,2,38.36665218650175
False,,8.109888167004101,1,2000,none,3,1.0,[[0 0]],33,True,92,uniform,2,38.36665218650175
False,,8.126435500002117,1,2000,none,3,1.0,[[0 0]],35,True,92,uniform,2,38.36665218650175
False,,8.104716415997245,1,2000,none,3,1.0,[[0 0]],37,True,92,uniform,2,38.36665218650175
False,,8.087530417004018,1,2000,none,3,1.0,[[0 0]],39,True,92,uniform,2,38.36665218650175
False,,8.0660487080022,1,2000,none,3,1.0,[[0 0]],41,True,92,uniform,2,38.36665218650175
False,,8.03108958399389,1,2000,none,3,1.0,[[0 0]],43,True,92,uniform,2,38.36665218650175
False,,8.059352165990276,1,2000,none,3,1.0,[[0 0]],45,True,92,uniform,2,38.36665218650175
False,,8.023060666993842,1,2000,none,3,1.0,[[0 0]],47,True,92,uniform,2,38.36665218650175
False,,8.888785624993034,1,2000,none,3,1.0,[[0 0]],1,True,97,uniform,2,39.395431207184416
False,,8.86294095798803,1,2000,none,3,1.0,[[0 0]],3,True,97,uniform,2,39.395431207184416
False,,8.674815708000096,1,2000,none,3,1.0,[[0 0]],5,True,97,uniform,2,39.395431207184416
False,,8.594211250005173,1,2000,none,3,1.0,[[0 0]],7,True,97,uniform,2,39.395431207184416
False,,8.62158633400395,1,2000,none,3,1.0,[[0 0]],9,True,97,uniform,2,39.395431207184416
False,,8.637623208996956,1,2000,none,3,1.0,[[0 0]],11,True,97,uniform,2,39.395431207184416
False,,8.566162165996502,1,2000,none,3,1.0,[[0 0]],13,True,97,uniform,2,39.395431207184416
False,,8.553490417005378,1,2000,none,3,1.0,[[0 0]],15,True,97,uniform,2,39.395431207184416
False,,8.531984333996661,1,2000,none,3,1.0,[[0 0]],17,True,97,uniform,2,39.395431207184416
False,,8.553534332997515,1,2000,none,3,1.0,[[0 0]],19,True,97,uniform,2,39.395431207184416
False,,8.557797208006377,1,2000,none,3,1.0,[[0 0]],21,True,97,uniform,2,39.395431207184416
False,,8.553840249995119,1,2000,none,3,1.0,[[0 0]],23,True,97,uniform,2,39.395431207184416
False,,8.5442658749962,1,2000,none,3,1.0,[[0 0]],25,True,97,uniform,2,39.395431207184416
False,,8.545759166998323,1,2000,none,3,1.0,[[0 0]],27,True,97,uniform,2,39.395431207184416
False,,8.562644207995618,1,2000,none,3,1.0,[[0 0]],29,True,97,uniform,2,39.395431207184416
False,,8.518117582993,1,2000,none,3,1.0,[[0 0]],31,True,97,uniform,2,39.395431207184416
False,,8.531984749992262,1,2000,none,3,1.0,[[0 0]],33,True,97,uniform,2,39.395431207184416
False,,8.603063707996625,1,2000,none,3,1.0,[[0 0]],35,True,97,uniform,2,39.395431207184416
False,,8.513821207990986,1,2000,none,3,1.0,[[0 0]],37,True,97,uniform,2,39.395431207184416
False,,8.527556040993659,1,2000,none,3,1.0,[[0 0]],39,True,97,uniform,2,39.395431207184416
False,,8.510796500006109,1,2000,none,3,1.0,[[0 0]],41,True,97,uniform,2,39.395431207184416
False,,8.442530041997088,1,2000,none,3,1.0,[[0 0]],43,True,97,uniform,2,39.395431207184416
False,,8.520139833999565,1,2000,none,3,1.0,[[0 0]],45,True,97,uniform,2,39.395431207184416
False,,8.48238537501311,1,2000,none,3,1.0,[[0 0]],47,True,97,uniform,2,39.395431207184416
False,,8.483015584002715,1,2000,none,3,1.0,[[0 0]],49,True,97,uniform,2,39.395431207184416
False,,8.476576291010133,1,2000,none,3,1.0,[[0 0]],51,True,97,uniform,2,39.395431207184416
False,,9.379506249999395,1,2000,none,3,1.0,[[0 0]],1,True,102,uniform,2,40.39801975344831
False,,9.288929499991355,1,2000,none,3,1.0,[[0 0]],3,True,102,uniform,2,40.39801975344831
False,,9.203286999996635,1,2000,none,3,1.0,[[0 0]],5,True,102,uniform,2,40.39801975344831
False,,9.186333124991506,1,2000,none,3,1.0,[[0 0]],7,True,102,uniform,2,40.39801975344831
False,,9.127653167000972,1,2000,none,3,1.0,[[0 0]],9,True,102,uniform,2,40.39801975344831
False,,9.12554804199317,1,2000,none,3,1.0,[[0 0]],11,True,102,uniform,2,40.39801975344831
False,,9.119967167003779,1,2000,none,3,1.0,[[0 0]],13,True,102,uniform,2,40.39801975344831
False,,9.0910502080078,1,2000,none,3,1.0,[[0 0]],15,True,102,uniform,2,40.39801975344831
False,,9.066628708998905,1,2000,none,3,1.0,[[0 0]],17,True,102,uniform,2,40.39801975344831
False,,9.122683958994457,1,2000,none,3,1.0,[[0 0]],19,True,102,uniform,2,40.39801975344831
False,,9.087461500006611,1,2000,none,3,1.0,[[0 0]],21,True,102,uniform,2,40.39801975344831
False,,9.116204582998762,1,2000,none,3,1.0,[[0 0]],23,True,102,uniform,2,40.39801975344831
False,,9.08227362499747,1,2000,none,3,1.0,[[0 0]],25,True,102,uniform,2,40.39801975344831
False,,9.084666041992023,1,2000,none,3,1.0,[[0 0]],27,True,102,uniform,2,40.39801975344831
False,,9.069984957997804,1,2000,none,3,1.0,[[0 0]],29,True,102,uniform,2,40.39801975344831
False,,9.052019082999323,1,2000,none,3,1.0,[[0 0]],31,True,102,uniform,2,40.39801975344831
False,,9.026567124994472,1,2000,none,3,1.0,[[0 0]],33,True,102,uniform,2,40.39801975344831
False,,8.881383750005625,1,2000,none,3,1.0,[[0 0]],35,True,102,uniform,2,40.39801975344831
False,,8.947100417004549,1,2000,none,3,1.0,[[0 0]],37,True,102,uniform,2,40.39801975344831
False,,8.910984916001325,1,2000,none,3,1.0,[[0 0]],39,True,102,uniform,2,40.39801975344831
False,,8.905090500004007,1,2000,none,3,1.0,[[0 0]],41,True,102,uniform,2,40.39801975344831
False,,8.867750500008697,1,2000,none,3,1.0,[[0 0]],43,True,102,uniform,2,40.39801975344831
False,,8.836770250010886,1,2000,none,3,1.0,[[0 0]],45,True,102,uniform,2,40.39801975344831
False,,8.837886458000867,1,2000,none,3,1.0,[[0 0]],47,True,102,uniform,2,40.39801975344831
False,,8.827047540995409,1,2000,none,3,1.0,[[0 0]],49,True,102,uniform,2,40.39801975344831
False,,8.81530504199327,1,2000,none,3,1.0,[[0 0]],51,True,102,uniform,2,40.39801975344831
False,,8.825885166996159,1,2000,none,3,1.0,[[0 0]],53,True,102,uniform,2,40.39801975344831
False,,9.837341582999215,1,2000,none,3,1.0,[[0 0]],1,True,107,uniform,2,41.376321731154405
False,,9.79372966599476,1,2000,none,3,1.0,[[0 0]],3,True,107,uniform,2,41.376321731154405
False,,9.683531499991659,1,2000,none,3,1.0,[[0 0]],5,True,107,uniform,2,41.376321731154405
False,,9.660393541009398,1,2000,none,3,1.0,[[0 0]],7,True,107,uniform,2,41.376321731154405
False,,9.57262166700093,1,2000,none,3,1.0,[[0 0]],9,True,107,uniform,2,41.376321731154405
False,,9.562963332995423,1,2000,none,3,1.0,[[0 0]],11,True,107,uniform,2,41.376321731154405
False,,9.570320332990377,1,2000,none,3,1.0,[[0 0]],13,True,107,uniform,2,41.376321731154405
False,,9.519133499998134,1,2000,none,3,1.0,[[0 0]],15,True,107,uniform,2,41.376321731154405
False,,9.469883750003646,1,2000,none,3,1.0,[[0 0]],17,True,107,uniform,2,41.376321731154405
False,,9.510459124998306,1,2000,none,3,1.0,[[0 0]],19,True,107,uniform,2,41.376321731154405
False,,9.561726083004032,1,2000,none,3,1.0,[[0 0]],21,True,107,uniform,2,41.376321731154405
False,,9.515294166994863,1,2000,none,3,1.0,[[0 0]],23,True,107,uniform,2,41.376321731154405
False,,9.480967000010423,1,2000,none,3,1.0,[[0 0]],25,True,107,uniform,2,41.376321731154405
False,,9.451562749993172,1,2000,none,3,1.0,[[0 0]],27,True,107,uniform,2,41.376321731154405
False,,9.495398250001017,1,2000,none,3,1.0,[[0 0]],29,True,107,uniform,2,41.376321731154405
False,,9.475284667001688,1,2000,none,3,1.0,[[0 0]],31,True,107,uniform,2,41.376321731154405
False,,9.410447458998533,1,2000,none,3,1.0,[[0 0]],33,True,107,uniform,2,41.376321731154405
False,,9.420278208999662,1,2000,none,3,1.0,[[0 0]],35,True,107,uniform,2,41.376321731154405
False,,9.419426915992517,1,2000,none,3,1.0,[[0 0]],37,True,107,uniform,2,41.376321731154405
False,,9.38770870899316,1,2000,none,3,1.0,[[0 0]],39,True,107,uniform,2,41.376321731154405
False,,9.405075208997005,1,2000,none,3,1.0,[[0 0]],41,True,107,uniform,2,41.376321731154405
False,,9.384437667002203,1,2000,none,3,1.0,[[0 0]],43,True,107,uniform,2,41.376321731154405
False,,9.388866792010958,1,2000,none,3,1.0,[[0 0]],45,True,107,uniform,2,41.376321731154405
False,,9.395740124993608,1,2000,none,3,1.0,[[0 0]],47,True,107,uniform,2,41.376321731154405
False,,9.412157833008678,1,2000,none,3,1.0,[[0 0]],49,True,107,uniform,2,41.376321731154405
False,,9.403140458001872,1,2000,none,3,1.0,[[0 0]],51,True,107,uniform,2,41.376321731154405
False,,9.397578625008464,1,2000,none,3,1.0,[[0 0]],53,True,107,uniform,2,41.376321731154405
False,,9.391839042000356,1,2000,none,3,1.0,[[0 0]],55,True,107,uniform,2,41.376321731154405
False,,10.259651833010139,1,2000,none,3,1.0,[[0 0]],1,True,112,uniform,2,42.33202097703345
False,,10.25855179199425,1,2000,none,3,1.0,[[0 0]],3,True,112,uniform,2,42.33202097703345
False,,10.114747416999307,1,2000,none,3,1.0,[[0 0]],5,True,112,uniform,2,42.33202097703345
False,,9.993138582998654,1,2000,none,3,1.0,[[0 0]],7,True,112,uniform,2,42.33202097703345
False,,9.987505375000183,1,2000,none,3,1.0,[[0 0]],9,True,112,uniform,2,42.33202097703345
False,,9.940951291995589,1,2000,none,3,1.0,[[0 0]],11,True,112,uniform,2,42.33202097703345
False,,9.87008137498924,1,2000,none,3,1.0,[[0 0]],13,True,112,uniform,2,42.33202097703345
False,,9.880325249992893,1,2000,none,3,1.0,[[0 0]],15,True,112,uniform,2,42.33202097703345
False,,9.873271999997087,1,2000,none,3,1.0,[[0 0]],17,True,112,uniform,2,42.33202097703345
False,,10.130682499991963,1,2000,none,3,1.0,[[0 0]],19,True,112,uniform,2,42.33202097703345
False,,10.34507445798954,1,2000,none,3,1.0,[[0 0]],21,True,112,uniform,2,42.33202097703345
False,,10.93899633300316,1,2000,none,3,1.0,[[0 0]],23,True,112,uniform,2,42.33202097703345
False,,10.02026395800931,1,2000,none,3,1.0,[[0 0]],25,True,112,uniform,2,42.33202097703345
False,,10.255769333001808,1,2000,none,3,1.0,[[0 0]],27,True,112,uniform,2,42.33202097703345
False,,10.437018666998483,1,2000,none,3,1.0,[[0 0]],29,True,112,uniform,2,42.33202097703345
False,,10.123751042003278,1,2000,none,3,1.0,[[0 0]],31,True,112,uniform,2,42.33202097703345
False,,9.855569583000033,1,2000,none,3,1.0,[[0 0]],33,True,112,uniform,2,42.33202097703345
False,,9.756422541991924,1,2000,none,3,1.0,[[0 0]],35,True,112,uniform,2,42.33202097703345
False,,9.676492166996468,1,2000,none,3,1.0,[[0 0]],37,True,112,uniform,2,42.33202097703345
False,,9.650650875002611,1,2000,none,3,1.0,[[0 0]],39,True,112,uniform,2,42.33202097703345
False,,9.638758834000328,1,2000,none,3,1.0,[[0 0]],41,True,112,uniform,2,42.33202097703345
False,,9.700030249994597,1,2000,none,3,1.0,[[0 0]],43,True,112,uniform,2,42.33202097703345
False,,9.665487541991752,1,2000,none,3,1.0,[[0 0]],45,True,112,uniform,2,42.33202097703345
False,,9.639076584004215,1,2000,none,3,1.0,[[0 0]],47,True,112,uniform,2,42.33202097703345
False,,9.662918749992969,1,2000,none,3,1.0,[[0 0]],49,True,112,uniform,2,42.33202097703345
False,,9.603292166997562,1,2000,none,3,1.0,[[0 0]],51,True,112,uniform,2,42.33202097703345
False,,9.719163124987972,1,2000,none,3,1.0,[[0 0]],53,True,112,uniform,2,42.33202097703345
False,,9.600619875011034,1,2000,none,3,1.0,[[0 0]],55,True,112,uniform,2,42.33202097703345
False,,9.657529040996451,1,2000,none,3,1.0,[[0 0]],57,True,112,uniform,2,42.33202097703345
False,,9.679906000004848,1,2000,none,3,1.0,[[0 0]],59,True,112,uniform,2,42.33202097703345
False,,10.835802374989726,1,2000,none,3,1.0,[[0 0]],1,True,117,uniform,2,43.266615305567875
False,,10.764017791007063,1,2000,none,3,1.0,[[0 0]],3,True,117,uniform,2,43.266615305567875
False,,10.645051291008713,1,2000,none,3,1.0,[[0 0]],5,True,117,uniform,2,43.266615305567875
False,,10.549495750005008,1,2000,none,3,1.0,[[0 0]],7,True,117,uniform,2,43.266615305567875
False,,10.633890582990716,1,2000,none,3,1.0,[[0 0]],9,True,117,uniform,2,43.266615305567875
False,,10.718037750004441,1,2000,none,3,1.0,[[0 0]],11,True,117,uniform,2,43.266615305567875
False,,10.697126458006096,1,2000,none,3,1.0,[[0 0]],13,True,117,uniform,2,43.266615305567875
False,,10.726787250008783,1,2000,none,3,1.0,[[0 0]],15,True,117,uniform,2,43.266615305567875
False,,10.45437624999613,1,2000,none,3,1.0,[[0 0]],17,True,117,uniform,2,43.266615305567875
False,,10.384977666995837,1,2000,none,3,1.0,[[0 0]],19,True,117,uniform,2,43.266615305567875
False,,10.341981667006621,1,2000,none,3,1.0,[[0 0]],21,True,117,uniform,2,43.266615305567875
False,,10.285319209011504,1,2000,none,3,1.0,[[0 0]],23,True,117,uniform,2,43.266615305567875
False,,10.34015483300027,1,2000,none,3,1.0,[[0 0]],25,True,117,uniform,2,43.266615305567875
False,,10.706632625006023,1,2000,none,3,1.0,[[0 0]],27,True,117,uniform,2,43.266615305567875
False,,10.443617707991507,1,2000,none,3,1.0,[[0 0]],29,True,117,uniform,2,43.266615305567875
False,,10.328813125001034,1,2000,none,3,1.0,[[0 0]],31,True,117,uniform,2,43.266615305567875
False,,10.326812625004095,1,2000,none,3,1.0,[[0 0]],33,True,117,uniform,2,43.266615305567875
False,,10.3163321250031,1,2000,none,3,1.0,[[0 0]],35,True,117,uniform,2,43.266615305567875
False,,10.571633500003372,1,2000,none,3,1.0,[[0 0]],37,True,117,uniform,2,43.266615305567875
False,,11.076758415991208,1,2000,none,3,1.0,[[0 0]],39,True,117,uniform,2,43.266615305567875
False,,10.443795458006207,1,2000,none,3,1.0,[[0 0]],41,True,117,uniform,2,43.266615305567875
False,,10.40822733299865,1,2000,none,3,1.0,[[0 0]],43,True,117,uniform,2,43.266615305567875
False,,10.520747082991875,1,2000,none,3,1.0,[[0 0]],45,True,117,uniform,2,43.266615305567875
False,,10.763847541005816,1,2000,none,3,1.0,[[0 0]],47,True,117,uniform,2,43.266615305567875
False,,10.572240374996909,1,2000,none,3,1.0,[[0 0]],49,True,117,uniform,2,43.266615305567875
False,,10.555042916996172,1,2000,none,3,1.0,[[0 0]],51,True,117,uniform,2,43.266615305567875
False,,10.355965042006574,1,2000,none,3,1.0,[[0 0]],53,True,117,uniform,2,43.266615305567875
False,,10.213951750003616,1,2000,none,3,1.0,[[0 0]],55,True,117,uniform,2,43.266615305567875
False,,10.350265916000353,1,2000,none,3,1.0,[[0 0]],57,True,117,uniform,2,43.266615305567875
False,,10.26566916599404,1,2000,none,3,1.0,[[0 0]],59,True,117,uniform,2,43.266615305567875
False,,11.278433458996005,1,2000,none,3,1.0,[[0 0]],61,True,117,uniform,2,43.266615305567875
False,,11.355363875001785,1,2000,none,3,1.0,[[0 0]],1,True,122,uniform,2,44.181444068749045
False,,11.303993917012122,1,2000,none,3,1.0,[[0 0]],3,True,122,uniform,2,44.181444068749045
False,,11.166623707991675,1,2000,none,3,1.0,[[0 0]],5,True,122,uniform,2,44.181444068749045
False,,11.061368458002107,1,2000,none,3,1.0,[[0 0]],7,True,122,uniform,2,44.181444068749045
False,,11.001131625002017,1,2000,none,3,1.0,[[0 0]],9,True,122,uniform,2,44.181444068749045
False,,11.017149000006611,1,2000,none,3,1.0,[[0 0]],11,True,122,uniform,2,44.181444068749045
False,,11.01757604200975,1,2000,none,3,1.0,[[0 0]],13,True,122,uniform,2,44.181444068749045
False,,10.829894499998773,1,2000,none,3,1.0,[[0 0]],15,True,122,uniform,2,44.181444068749045
False,,10.991353999997955,1,2000,none,3,1.0,[[0 0]],17,True,122,uniform,2,44.181444068749045
False,,10.950172291995841,1,2000,none,3,1.0,[[0 0]],19,True,122,uniform,2,44.181444068749045
False,,11.192601124988869,1,2000,none,3,1.0,[[0 0]],21,True,122,uniform,2,44.181444068749045
False,,11.202631457999814,1,2000,none,3,1.0,[[0 0]],23,True,122,uniform,2,44.181444068749045
False,,11.101897166008712,1,2000,none,3,1.0,[[0 0]],25,True,122,uniform,2,44.181444068749045
False,,10.913244916999247,1,2000,none,3,1.0,[[0 0]],27,True,122,uniform,2,44.181444068749045
False,,10.9565215420007,1,2000,none,3,1.0,[[0 0]],29,True,122,uniform,2,44.181444068749045
False,,10.917252208004356,1,2000,none,3,1.0,[[0 0]],31,True,122,uniform,2,44.181444068749045
False,,10.876055625005392,1,2000,none,3,1.0,[[0 0]],33,True,122,uniform,2,44.181444068749045
False,,10.787728416995378,1,2000,none,3,1.0,[[0 0]],35,True,122,uniform,2,44.181444068749045
False,,10.913361333005014,1,2000,none,3,1.0,[[0 0]],37,True,122,uniform,2,44.181444068749045
False,,10.948918582987972,1,2000,none,3,1.0,[[0 0]],39,True,122,uniform,2,44.181444068749045
False,,11.456956708003418,1,2000,none,3,1.0,[[0 0]],41,True,122,uniform,2,44.181444068749045
False,,11.295816708996426,1,2000,none,3,1.0,[[0 0]],43,True,122,uniform,2,44.181444068749045
False,,10.914833916001953,1,2000,none,3,1.0,[[0 0]],45,True,122,uniform,2,44.181444068749045
False,,10.89745912500075,1,2000,none,3,1.0,[[0 0]],47,True,122,uniform,2,44.181444068749045
False,,10.802683499990962,1,2000,none,3,1.0,[[0 0]],49,True,122,uniform,2,44.181444068749045
False,,10.819756124998094,1,2000,none,3,1.0,[[0 0]],51,True,122,uniform,2,44.181444068749045
False,,10.730723792003118,1,2000,none,3,1.0,[[0 0]],53,True,122,uniform,2,44.181444068749045
False,,10.770583958001225,1,2000,none,3,1.0,[[0 0]],55,True,122,uniform,2,44.181444068749045
False,,10.676287374997628,1,2000,none,3,1.0,[[0 0]],57,True,122,uniform,2,44.181444068749045
False,,10.894431958993664,1,2000,none,3,1.0,[[0 0]],59,True,122,uniform,2,44.181444068749045
False,,10.780261959007476,1,2000,none,3,1.0,[[0 0]],61,True,122,uniform,2,44.181444068749045
False,,10.678161417003139,1,2000,none,3,1.0,[[0 0]],63,True,122,uniform,2,44.181444068749045
False,,11.870031250000466,1,2000,none,3,1.0,[[0 0]],1,True,127,uniform,2,45.077710678338576
False,,11.854603250001674,1,2000,none,3,1.0,[[0 0]],3,True,127,uniform,2,45.077710678338576
False,,11.677137125006993,1,2000,none,3,1.0,[[0 0]],5,True,127,uniform,2,45.077710678338576
False,,11.54872558399802,1,2000,none,3,1.0,[[0 0]],7,True,127,uniform,2,45.077710678338576
False,,11.576286166993668,1,2000,none,3,1.0,[[0 0]],9,True,127,uniform,2,45.077710678338576
False,,11.501005792000797,1,2000,none,3,1.0,[[0 0]],11,True,127,uniform,2,45.077710678338576
False,,11.547442374998354,1,2000,none,3,1.0,[[0 0]],13,True,127,uniform,2,45.077710678338576
False,,11.426406999991741,1,2000,none,3,1.0,[[0 0]],15,True,127,uniform,2,45.077710678338576
False,,11.491291041005752,1,2000,none,3,1.0,[[0 0]],17,True,127,uniform,2,45.077710678338576
False,,11.217774458011263,1,2000,none,3,1.0,[[0 0]],19,True,127,uniform,2,45.077710678338576
False,,11.36763254199468,1,2000,none,3,1.0,[[0 0]],21,True,127,uniform,2,45.077710678338576
False,,11.204739708991838,1,2000,none,3,1.0,[[0 0]],23,True,127,uniform,2,45.077710678338576
False,,11.180759375012713,1,2000,none,3,1.0,[[0 0]],25,True,127,uniform,2,45.077710678338576
False,,11.176972500004922,1,2000,none,3,1.0,[[0 0]],27,True,127,uniform,2,45.077710678338576
False,,11.203202624994447,1,2000,none,3,1.0,[[0 0]],29,True,127,uniform,2,45.077710678338576
False,,11.219311957989703,1,2000,none,3,1.0,[[0 0]],31,True,127,uniform,2,45.077710678338576
False,,11.175831040993216,1,2000,none,3,1.0,[[0 0]],33,True,127,uniform,2,45.077710678338576
False,,11.161262666995754,1,2000,none,3,1.0,[[0 0]],35,True,127,uniform,2,45.077710678338576
False,,11.091719167001429,1,2000,none,3,1.0,[[0 0]],37,True,127,uniform,2,45.077710678338576
False,,11.050510291999672,1,2000,none,3,1.0,[[0 0]],39,True,127,uniform,2,45.077710678338576
False,,11.050523375000921,1,2000,none,3,1.0,[[0 0]],41,True,127,uniform,2,45.077710678338576
False,,11.065344749993528,1,2000,none,3,1.0,[[0 0]],43,True,127,uniform,2,45.077710678338576
False,,11.048271833002218,1,2000,none,3,1.0,[[0 0]],45,True,127,uniform,2,45.077710678338576
False,,11.051722292002523,1,2000,none,3,1.0,[[0 0]],47,True,127,uniform,2,45.077710678338576
False,,11.046310624995385,1,2000,none,3,1.0,[[0 0]],49,True,127,uniform,2,45.077710678338576
False,,11.025637207989348,1,2000,none,3,1.0,[[0 0]],51,True,127,uniform,2,45.077710678338576
False,,11.040395624993835,1,2000,none,3,1.0,[[0 0]],53,True,127,uniform,2,45.077710678338576
False,,11.042162582991295,1,2000,none,3,1.0,[[0 0]],55,True,127,uniform,2,45.077710678338576
False,,11.004802499999641,1,2000,none,3,1.0,[[0 0]],57,True,127,uniform,2,45.077710678338576
False,,10.996290458002477,1,2000,none,3,1.0,[[0 0]],59,True,127,uniform,2,45.077710678338576
False,,11.027169833003427,1,2000,none,3,1.0,[[0 0]],61,True,127,uniform,2,45.077710678338576
False,,11.040788333004457,1,2000,none,3,1.0,[[0 0]],63,True,127,uniform,2,45.077710678338576
False,,11.121802541994839,1,2000,none,3,1.0,[[0 0]],65,True,127,uniform,2,45.077710678338576
False,,11.086248417006573,1,2000,none,3,1.0,[[0 0]],67,True,127,uniform,2,45.077710678338576
False,,12.416249208996305,1,2000,none,3,1.0,[[0 0]],1,True,132,uniform,2,45.95650117230423
False,,12.631518333000713,1,2000,none,3,1.0,[[0 0]],3,True,132,uniform,2,45.95650117230423
False,,12.430635083001107,1,2000,none,3,1.0,[[0 0]],5,True,132,uniform,2,45.95650117230423
False,,12.230708458999288,1,2000,none,3,1.0,[[0 0]],7,True,132,uniform,2,45.95650117230423
False,,12.0748157909984,1,2000,none,3,1.0,[[0 0]],9,True,132,uniform,2,45.95650117230423
False,,12.01093691700953,1,2000,none,3,1.0,[[0 0]],11,True,132,uniform,2,45.95650117230423
False,,12.00349187500251,1,2000,none,3,1.0,[[0 0]],13,True,132,uniform,2,45.95650117230423
False,,12.006625541995163,1,2000,none,3,1.0,[[0 0]],15,True,132,uniform,2,45.95650117230423
False,,11.865417332999641,1,2000,none,3,1.0,[[0 0]],17,True,132,uniform,2,45.95650117230423
False,,11.790194166998845,1,2000,none,3,1.0,[[0 0]],19,True,132,uniform,2,45.95650117230423
False,,11.888370500004385,1,2000,none,3,1.0,[[0 0]],21,True,132,uniform,2,45.95650117230423
False,,11.912938624998787,1,2000,none,3,1.0,[[0 0]],23,True,132,uniform,2,45.95650117230423
False,,11.884892417001538,1,2000,none,3,1.0,[[0 0]],25,True,132,uniform,2,45.95650117230423
False,,11.848151583006256,1,2000,none,3,1.0,[[0 0]],27,True,132,uniform,2,45.95650117230423
False,,11.846093208005186,1,2000,none,3,1.0,[[0 0]],29,True,132,uniform,2,45.95650117230423
False,,11.85317912499886,1,2000,none,3,1.0,[[0 0]],31,True,132,uniform,2,45.95650117230423
False,,11.838366582989693,1,2000,none,3,1.0,[[0 0]],33,True,132,uniform,2,45.95650117230423
False,,12.058408249999047,1,2000,none,3,1.0,[[0 0]],35,True,132,uniform,2,45.95650117230423
False,,11.844088124998962,1,2000,none,3,1.0,[[0 0]],37,True,132,uniform,2,45.95650117230423
False,,11.94498083399958,1,2000,none,3,1.0,[[0 0]],39,True,132,uniform,2,45.95650117230423
False,,11.715691125005833,1,2000,none,3,1.0,[[0 0]],41,True,132,uniform,2,45.95650117230423
False,,11.660477541998262,1,2000,none,3,1.0,[[0 0]],43,True,132,uniform,2,45.95650117230423
False,,11.737285875002271,1,2000,none,3,1.0,[[0 0]],45,True,132,uniform,2,45.95650117230423
False,,11.588068750003004,1,2000,none,3,1.0,[[0 0]],47,True,132,uniform,2,45.95650117230423
False,,11.669011125006364,1,2000,none,3,1.0,[[0 0]],49,True,132,uniform,2,45.95650117230423
False,,11.91240904199367,1,2000,none,3,1.0,[[0 0]],51,True,132,uniform,2,45.95650117230423
False,,11.691189042001497,1,2000,none,3,1.0,[[0 0]],53,True,132,uniform,2,45.95650117230423
False,,11.722928749994026,1,2000,none,3,1.0,[[0 0]],55,True,132,uniform,2,45.95650117230423
False,,11.676612584007671,1,2000,none,3,1.0,[[0 0]],57,True,132,uniform,2,45.95650117230423
False,,11.772586749997572,1,2000,none,3,1.0,[[0 0]],59,True,132,uniform,2,45.95650117230423
False,,11.55353187500441,1,2000,none,3,1.0,[[0 0]],61,True,132,uniform,2,45.95650117230423
False,,11.558824000007007,1,2000,none,3,1.0,[[0 0]],63,True,132,uniform,2,45.95650117230423
False,,11.601447499997448,1,2000,none,3,1.0,[[0 0]],65,True,132,uniform,2,45.95650117230423
False,,11.648568750009872,1,2000,none,3,1.0,[[0 0]],67,True,132,uniform,2,45.95650117230423
False,,11.669972957999562,1,2000,none,3,1.0,[[0 0]],69,True,132,uniform,2,45.95650117230423
False,,13.451739167008782,1,2000,none,3,1.0,[[0 0]],1,True,137,uniform,2,46.8187996428785
False,,13.436912000004668,1,2000,none,3,1.0,[[0 0]],3,True,137,uniform,2,46.8187996428785
False,,13.769992667002953,1,2000,none,3,1.0,[[0 0]],5,True,137,uniform,2,46.8187996428785
False,,13.021264209004585,1,2000,none,3,1.0,[[0 0]],7,True,137,uniform,2,46.8187996428785
False,,13.618715832999442,1,2000,none,3,1.0,[[0 0]],9,True,137,uniform,2,46.8187996428785
False,,12.914827249987866,1,2000,none,3,1.0,[[0 0]],11,True,137,uniform,2,46.8187996428785
False,,12.636841041996377,1,2000,none,3,1.0,[[0 0]],13,True,137,uniform,2,46.8187996428785
False,,12.554346416989574,1,2000,none,3,1.0,[[0 0]],15,True,137,uniform,2,46.8187996428785
False,,12.650545582990162,1,2000,none,3,1.0,[[0 0]],17,True,137,uniform,2,46.8187996428785
False,,12.516740125007345,1,2000,none,3,1.0,[[0 0]],19,True,137,uniform,2,46.8187996428785
False,,12.568328459004988,1,2000,none,3,1.0,[[0 0]],21,True,137,uniform,2,46.8187996428785
False,,12.573776207995252,1,2000,none,3,1.0,[[0 0]],23,True,137,uniform,2,46.8187996428785
False,,12.596382167001138,1,2000,none,3,1.0,[[0 0]],25,True,137,uniform,2,46.8187996428785
False,,12.40304850001121,1,2000,none,3,1.0,[[0 0]],27,True,137,uniform,2,46.8187996428785
False,,12.588059708999936,1,2000,none,3,1.0,[[0 0]],29,True,137,uniform,2,46.8187996428785
False,,12.607307832993683,1,2000,none,3,1.0,[[0 0]],31,True,137,uniform,2,46.8187996428785
False,,12.62253404200601,1,2000,none,3,1.0,[[0 0]],33,True,137,uniform,2,46.8187996428785
False,,13.166977957997005,1,2000,none,3,1.0,[[0 0]],35,True,137,uniform,2,46.8187996428785
False,,12.588666541996645,1,2000,none,3,1.0,[[0 0]],37,True,137,uniform,2,46.8187996428785
False,,12.512524709003628,1,2000,none,3,1.0,[[0 0]],39,True,137,uniform,2,46.8187996428785
False,,12.364064834007877,1,2000,none,3,1.0,[[0 0]],41,True,137,uniform,2,46.8187996428785
False,,12.374262917001033,1,2000,none,3,1.0,[[0 0]],43,True,137,uniform,2,46.8187996428785
False,,12.38914879199001,1,2000,none,3,1.0,[[0 0]],45,True,137,uniform,2,46.8187996428785
False,,12.34379149999586,1,2000,none,3,1.0,[[0 0]],47,True,137,uniform,2,46.8187996428785
False,,12.411696374998428,1,2000,none,3,1.0,[[0 0]],49,True,137,uniform,2,46.8187996428785
False,,12.478988540999126,1,2000,none,3,1.0,[[0 0]],51,True,137,uniform,2,46.8187996428785
False,,12.261774915998103,1,2000,none,3,1.0,[[0 0]],53,True,137,uniform,2,46.8187996428785
False,,12.276252583003952,1,2000,none,3,1.0,[[0 0]],55,True,137,uniform,2,46.8187996428785
False,,12.228490291992784,1,2000,none,3,1.0,[[0 0]],57,True,137,uniform,2,46.8187996428785
False,,12.101675083002192,1,2000,none,3,1.0,[[0 0]],59,True,137,uniform,2,46.8187996428785
False,,12.155606667001848,1,2000,none,3,1.0,[[0 0]],61,True,137,uniform,2,46.8187996428785
False,,12.180712790999678,1,2000,none,3,1.0,[[0 0]],63,True,137,uniform,2,46.8187996428785
False,,12.21462933300063,1,2000,none,3,1.0,[[0 0]],65,True,137,uniform,2,46.8187996428785
False,,12.050271624990273,1,2000,none,3,1.0,[[0 0]],67,True,137,uniform,2,46.8187996428785
False,,12.084812624991173,1,2000,none,3,1.0,[[0 0]],69,True,137,uniform,2,46.8187996428785
False,,12.098774124999181,1,2000,none,3,1.0,[[0 0]],71,True,137,uniform,2,46.8187996428785
False,,13.61178670800291,1,2000,none,3,1.0,[[0 0]],1,True,142,uniform,2,47.66550115125194
False,,13.483457750000525,1,2000,none,3,1.0,[[0 0]],3,True,142,uniform,2,47.66550115125194
False,,13.391001583004254,1,2000,none,3,1.0,[[0 0]],5,True,142,uniform,2,47.66550115125194
False,,13.259281458012993,1,2000,none,3,1.0,[[0 0]],7,True,142,uniform,2,47.66550115125194
False,,13.194758083001943,1,2000,none,3,1.0,[[0 0]],9,True,142,uniform,2,47.66550115125194
False,,13.185788542003138,1,2000,none,3,1.0,[[0 0]],11,True,142,uniform,2,47.66550115125194
False,,13.121639167002286,1,2000,none,3,1.0,[[0 0]],13,True,142,uniform,2,47.66550115125194
False,,13.095029208998312,1,2000,none,3,1.0,[[0 0]],15,True,142,uniform,2,47.66550115125194
False,,12.968221874994924,1,2000,none,3,1.0,[[0 0]],17,True,142,uniform,2,47.66550115125194
False,,12.951753791989177,1,2000,none,3,1.0,[[0 0]],19,True,142,uniform,2,47.66550115125194
False,,13.111442124994937,1,2000,none,3,1.0,[[0 0]],21,True,142,uniform,2,47.66550115125194
False,,12.915415542011033,1,2000,none,3,1.0,[[0 0]],23,True,142,uniform,2,47.66550115125194
False,,12.951031208998756,1,2000,none,3,1.0,[[0 0]],25,True,142,uniform,2,47.66550115125194
False,,13.09029495800496,1,2000,none,3,1.0,[[0 0]],27,True,142,uniform,2,47.66550115125194
False,,13.13205833399843,1,2000,none,3,1.0,[[0 0]],29,True,142,uniform,2,47.66550115125194
False,,13.109621499999776,1,2000,none,3,1.0,[[0 0]],31,True,142,uniform,2,47.66550115125194
False,,12.993476000003284,1,2000,none,3,1.0,[[0 0]],33,True,142,uniform,2,47.66550115125194
False,,13.027300083005684,1,2000,none,3,1.0,[[0 0]],35,True,142,uniform,2,47.66550115125194
False,,12.994704541997635,1,2000,none,3,1.0,[[0 0]],37,True,142,uniform,2,47.66550115125194
False,,13.135202457997366,1,2000,none,3,1.0,[[0 0]],39,True,142,uniform,2,47.66550115125194
False,,13.105783249993692,1,2000,none,3,1.0,[[0 0]],41,True,142,uniform,2,47.66550115125194
False,,12.940119916995172,1,2000,none,3,1.0,[[0 0]],43,True,142,uniform,2,47.66550115125194
False,,12.959642917005112,1,2000,none,3,1.0,[[0 0]],45,True,142,uniform,2,47.66550115125194
False,,13.097370582996518,1,2000,none,3,1.0,[[0 0]],47,True,142,uniform,2,47.66550115125194
False,,12.881862707989058,1,2000,none,3,1.0,[[0 0]],49,True,142,uniform,2,47.66550115125194
False,,12.90363920800155,1,2000,none,3,1.0,[[0 0]],51,True,142,uniform,2,47.66550115125194
False,,12.827940582996234,1,2000,none,3,1.0,[[0 0]],53,True,142,uniform,2,47.66550115125194
False,,12.820764208998298,1,2000,none,3,1.0,[[0 0]],55,True,142,uniform,2,47.66550115125194
False,,12.901478624989977,1,2000,none,3,1.0,[[0 0]],57,True,142,uniform,2,47.66550115125194
False,,12.885122166990186,1,2000,none,3,1.0,[[0 0]],59,True,142,uniform,2,47.66550115125194
False,,12.854419542010874,1,2000,none,3,1.0,[[0 0]],61,True,142,uniform,2,47.66550115125194
False,,12.96155245800037,1,2000,none,3,1.0,[[0 0]],63,True,142,uniform,2,47.66550115125194
False,,12.762469875000534,1,2000,none,3,1.0,[[0 0]],65,True,142,uniform,2,47.66550115125194
False,,12.86418941601005,1,2000,none,3,1.0,[[0 0]],67,True,142,uniform,2,47.66550115125194
False,,12.854336250005872,1,2000,none,3,1.0,[[0 0]],69,True,142,uniform,2,47.66550115125194
False,,12.76363516600395,1,2000,none,3,1.0,[[0 0]],71,True,142,uniform,2,47.66550115125194
False,,13.038407291998737,1,2000,none,3,1.0,[[0 0]],73,True,142,uniform,2,47.66550115125194
False,,12.81746387500607,1,2000,none,3,1.0,[[0 0]],75,True,142,uniform,2,47.66550115125194
False,,13.933352166000986,1,2000,none,3,1.0,[[0 0]],1,True,147,uniform,2,48.49742261192856
False,,13.967004667007132,1,2000,none,3,1.0,[[0 0]],3,True,147,uniform,2,48.49742261192856
False,,13.9636021250044,1,2000,none,3,1.0,[[0 0]],5,True,147,uniform,2,48.49742261192856
False,,13.748958708994905,1,2000,none,3,1.0,[[0 0]],7,True,147,uniform,2,48.49742261192856
False,,13.716276375009329,1,2000,none,3,1.0,[[0 0]],9,True,147,uniform,2,48.49742261192856
False,,13.903718125002342,1,2000,none,3,1.0,[[0 0]],11,True,147,uniform,2,48.49742261192856
False,,13.886805665999418,1,2000,none,3,1.0,[[0 0]],13,True,147,uniform,2,48.49742261192856
False,,13.727450874997885,1,2000,none,3,1.0,[[0 0]],15,True,147,uniform,2,48.49742261192856
False,,13.624981083004968,1,2000,none,3,1.0,[[0 0]],17,True,147,uniform,2,48.49742261192856
False,,13.242475166989607,1,2000,none,3,1.0,[[0 0]],19,True,147,uniform,2,48.49742261192856
False,,13.136273666998022,1,2000,none,3,1.0,[[0 0]],21,True,147,uniform,2,48.49742261192856
False,,13.138620416997583,1,2000,none,3,1.0,[[0 0]],23,True,147,uniform,2,48.49742261192856
False,,13.098305999999866,1,2000,none,3,1.0,[[0 0]],25,True,147,uniform,2,48.49742261192856
False,,13.096081374998903,1,2000,none,3,1.0,[[0 0]],27,True,147,uniform,2,48.49742261192856
False,,13.172463583992794,1,2000,none,3,1.0,[[0 0]],29,True,147,uniform,2,48.49742261192856
False,,13.327162750007119,1,2000,none,3,1.0,[[0 0]],31,True,147,uniform,2,48.49742261192856
False,,13.308318333001807,1,2000,none,3,1.0,[[0 0]],33,True,147,uniform,2,48.49742261192856
False,,13.06059241600451,1,2000,none,3,1.0,[[0 0]],35,True,147,uniform,2,48.49742261192856
False,,13.04882616600662,1,2000,none,3,1.0,[[0 0]],37,True,147,uniform,2,48.49742261192856
False,,13.000556708007935,1,2000,none,3,1.0,[[0 0]],39,True,147,uniform,2,48.49742261192856
False,,13.111718915999518,1,2000,none,3,1.0,[[0 0]],41,True,147,uniform,2,48.49742261192856
False,,13.170981624993146,1,2000,none,3,1.0,[[0 0]],43,True,147,uniform,2,48.49742261192856
False,,13.404571833001683,1,2000,none,3,1.0,[[0 0]],45,True,147,uniform,2,48.49742261192856
False,,13.02010108299146,1,2000,none,3,1.0,[[0 0]],47,True,147,uniform,2,48.49742261192856
False,,13.007450791992596,1,2000,none,3,1.0,[[0 0]],49,True,147,uniform,2,48.49742261192856
False,,13.010076499995193,1,2000,none,3,1.0,[[0 0]],51,True,147,uniform,2,48.49742261192856
False,,12.96704212500481,1,2000,none,3,1.0,[[0 0]],53,True,147,uniform,2,48.49742261192856
False,,13.004855166000198,1,2000,none,3,1.0,[[0 0]],55,True,147,uniform,2,48.49742261192856
False,,13.158603417003178,1,2000,none,3,1.0,[[0 0]],57,True,147,uniform,2,48.49742261192856
False,,13.166658457994345,1,2000,none,3,1.0,[[0 0]],59,True,147,uniform,2,48.49742261192856
False,,13.046503707999364,1,2000,none,3,1.0,[[0 0]],61,True,147,uniform,2,48.49742261192856
False,,13.076992166999844,1,2000,none,3,1.0,[[0 0]],63,True,147,uniform,2,48.49742261192856
False,,13.013969999999972,1,2000,none,3,1.0,[[0 0]],65,True,147,uniform,2,48.49742261192856
False,,13.184224625001661,1,2000,none,3,1.0,[[0 0]],67,True,147,uniform,2,48.49742261192856
False,,13.037115792001714,1,2000,none,3,1.0,[[0 0]],69,True,147,uniform,2,48.49742261192856
False,,13.227161999995587,1,2000,none,3,1.0,[[0 0]],71,True,147,uniform,2,48.49742261192856
False,,13.071254291004152,1,2000,none,3,1.0,[[0 0]],73,True,147,uniform,2,48.49742261192856
False,,13.01523212500615,1,2000,none,3,1.0,[[0 0]],75,True,147,uniform,2,48.49742261192856
False,,13.036309707997134,1,2000,none,3,1.0,[[0 0]],77,True,147,uniform,2,48.49742261192856
